volume_number	page_number	x1	y1	x2	y2	tokens_count	mean_confidence	text	image
5128	1	536	348	2470	416	3	0.95221	Смерть немецким оккупантам.	vol-5128-page-01-seg-001-0536-0348-2470-0416.png
5128	1	536	418	2470	748	8	0.98912	CHAR3BE ЦЕНТРАЛЬНЫЙ ОРГАН НАРОДНОГО КОМИССАРИАТА ОБОРОНЫ СОЮЗА ССР	vol-5128-page-01-seg-002-0536-0418-2470-0748.png
5128	1	566	794	806	846	2	0.86473	64 (5128)	vol-5128-page-01-seg-003-0566-0794-0806-0846.png
5128	1	1271	800	1797	846	5	0.93976	18 марта 1942 г., среда	vol-5128-page-01-seg-004-1271-0800-1797-0846.png
5128	1	2264	798	2504	844	2	0.88510	ЦЕНА 15 КОП	vol-5128-page-01-seg-005-2264-0798-2504-0844.png
5128	1	2712	338	4600	806	48	0.95378	За проявленную отвагу в боях за Отечество с немецкими захватчиками, за стойкость, мужество, дисциплину и организован- ность, за героизм личного состава 1119, 133, 366, 174, 361, 363, 88 и 111 стрелковые дивизии, 82 мото-стрелковая дивизия, 75 и 38 стрелковые бригады преобразованы в Гвардейские. Бое- Боевой привет славным гвардейцам!	vol-5128-page-01-seg-006-2712-0338-4600-0806.png
5128	1	646	922	1753	1103	3	0.98539	СТРЕЛКОВАЯ КУЛЬТУРА КОМАНДИРА-АРТИЛЛЕРИСТА	vol-5128-page-01-seg-007-0646-0922-1753-1103.png
5128	1	516	1135	1187	1613	72	0.96661	Бои красной Армии с немецкими окку- пантани показали могучую силу советской артиллерии, подтвердили ее право имено- ваться богом современной войны. Особен- но велика роль нашей артиллерии сейчас, когда наши части на пути своего на- ступления должны уничтожать многочис- ленные инженерные сооружения вражес- кой обороны. Во время продвижения впе- ред, в часы отражения неприятельских контратак, при закреплении на достигну- том рубеже - всегда и везде артиллерий- ский огонь должен обеспечивать действия наших войск.	vol-5128-page-01-seg-008-0516-1135-1187-1613.png
5128	1	492	1617	1179	4147	364	0.96342	Современный вид артиллерийского на- ступления рожден опытом отечественной войны против германского фашизма воз- как наиболее действенная форма ис- пользования артиллерии в общевойсковом бою. Задачи артиллерийского наступления требуют неуклонного повышения стрелко- вой культуры командира-артиллериста. За месяцы войны количественное и качест- венное насыщение наших соединений ар- тиллерией сильно возросло. На старших, средних и младших командиров-арти.плери- стов возложена почетная обязанность полностью, до дна использовать вручен- ную технику, применить ее с наиболь- шиу эффектом. Практика артиллерийского наступления не допускает бесцельного разбрасывания снарядов по площади. Стрельба по опре- деленным объектам, воздействие на всю ступину обороны противника, непрерыв- ное огневое сопровождение пехоты, гибкое управление всеми артиллерийскими средст- вами вот что требуется от каждого командира-артиллериста. Он должен уметь детально разбираться в тянтической обст. i- новке, заблаговременно добывать достовер- ные сведения о системе обороны противника- ка исходя из конкретных задач, безо- шибочно выбирать лучший способ подго- товки данных для стрельбы, определять метод ведения ее. Высокая стрелковая культура командира должна помочь env полностью решать любую огневую задачу с наименьшей затратой снарядов и времени. В ходе великой отечественной войны выросли и непрерывно растут кадры со- ветских артиллерийских начальников. Or- новое мастерство многих из них не раз обращало в бегство врага, напоследок огромный урон. He артиллерийский полн своими боевыми делами заслужил высокое звание гвардейского. Однако, в среде наших командиров-ар- тилтери:тов есть и такие, которые октонны шаблону, утрощенчестру, не дальше стрельны по наблюдениям знаков разрывов с глазомерной подготовкой данных. Командир одной батареи наблю- дал, каб на просматриваемой тем улице населенного пункта строятся выбегающие домов солдаты, и решит открыть огонь гранатой. Неправильное решение! Несколь- ко снарядов попало в расположение фаши- стов. Но разве не ясно, что при стрельбе шрапнелью результат откя данном случае был бы значительно выше. Из- вестен и такой Факт, когда на батарее тяжелых систем возлагалась задача "лю- давить" мильпье огневые точки, включая отдельных автоматчиков. Эти примеры го- ворят о том, что, решая огневую задачу, некоторые командиры не всегда прегменяют наилучший способ воздействия на цель, что не все они по-настоящему овладели культурой стрелкового дела. Бонандирам батарей, взводов и орудий нужно помнить, что они обязаны в лю- бых условиях и в кратчайший срок под- готовить подразделения для стрельбы про- стейшему методами. А дальше, по мере выполнения топографических работ - пе- реходить к более точным способам стрель-	vol-5128-page-01-seg-009-0492-1617-1179-4147.png
5128	1	1209	1139	1865	1519	63	0.96282	бы. Основные правила огневого дела про- сты и ясны. Бой горячий, нет времени на расчеты веди огонь глазомерно, по результатам наблюдения, бей врага в упор прямой наводкой. Часть готовится к обес- печению броска пехоты атаку или же находится на сковывающим направле- нии, есть несколько минут в резерве прибегай к стрельбе с сопряженным на- блюдением, учитывай все условия, могу- щие влиять на меткость попадания.	vol-5128-page-01-seg-010-1209-1139-1865-1519.png
5128	1	1203	1529	1861	1943	65	0.96771	Кроме точности стрельбы сложные ме тоды пристрелки и переносов огня дают большую возможность поражать врага вне- запно, так, чтобы он не сумел уйти, спря- таться от огневого шквала. Внезапность- сильнейший фактор в бою и в артилле- рийском наступлении в частности. Труд- ности организации топографической пол- готовки при движении вперед не должны смущать артиллеристов. Надо лишь ис- пользовать все меры для доразведки, уточ- нения нужных координат.	vol-5128-page-01-seg-011-1203-1529-1861-1943.png
5128	1	1199	1949	1859	2368	62	0.96167	Массирование артиллерийских средств на главном направлении в решающий мо- мент и по дальнейшим пелям является од- ним из основных принципов артилле- рийского наступления. Четкость и быст- роту в этом деле необходимо довести до совершенства, пользуясь каждой свободной минутой. Ошибается тот, кто думает, что боевой обстановке невозможна учеба. Именно на войне учебная практика ис- ключает всякое подобие условности и бу- дет максимально полноценной.	vol-5128-page-01-seg-012-1199-1949-1859-2368.png
5128	1	1181	2376	1857	3825	216	0.96887	Начальник артиллерии N соединения полковник Кузнецов провел на фронте занятие по управлению огнем. Резуль- таты превзошли ожидания. Артиллеристы соединения стали выполнять внеплановые сосредоточения огня в три раза быстрее, чем раньше, улучшился порядок поста- новки задачи и целеуказания, укрепилась дисциплина в использовании средств свя- зи, стало более четким оформление опе- ративных документов. Нигде так не выявляется культура под- готовки бомбардира-артиллериста, как при действиях ночью. Некоторые склонны по- лагать, что в темноте нельзя вести при- цельный огонь. Конечно. ночная тьма ос- ложняет работу артиллеристов, но значит ли это, что можно оставлять безнаказанны- ми активные огневые точки врага, пере- броску его сил и т. д. Кроме того иной раз обстановка может заставить наши ча- сти развертываться в сумерках и действо- вать, не дожидаясь утра. Значит, коман- дир должен уметь стрелять и ночью по целям, пристрелянным засветло, известным по карте или фотоснимку, обнаруженным по блеску выстрелов, освещенным специ- альными средствами или заревом пожаров, a также по пелям, засекаемым звуковой разведкой. Способов артиллерийской стрельбы не- мало. Надо знать, какой из них, в каких условиях и как применить с большей пользой. Старший артиллерийский началь- ник должен добиваться, чтобы его подчи- неннью разумно, инициативно вешали ог- невые задачи. Надо взыскивать за непро- изводительную трату снаряюв, когда этото можно было избежать. Одновременно необ- ходимо повседневно следить за ростом ог- невой культуры, совершенствованием стре- ляющего	vol-5128-page-01-seg-013-1181-2376-1857-3825.png
5128	1	1173	3833	1837	4147	45	0.96318	Каждый день боев все более закаляет кадры наших артиллеристов. Они должны еще энергичнее громить вражеские ук- репленные узлы и опорные пункты сопро- тивления, уничтожать живую силу и тех- нику врага. Овладение огневой культурой поможет нашим командирам-артиллеристам сделать советскую артиллерию еще более грозной для немецких оккупантов.	vol-5128-page-01-seg-014-1173-3833-1837-4147.png
5128	1	612	4221	1701	4283	5	0.94895	Вручение орденов и медалей СССР	vol-5128-page-01-seg-015-0612-4221-1701-4283.png
5128	1	472	4293	1147	6023	267	0.95884	Председатель Президиума Верховного Совета СССР тов. М. Беллини вручил вчера ордена и медали награжденным. Орден Ленина и медаль "Золотая Звез- да» вместе с грамотой о присвоении зва- ния Героя Советского Союза получает ге- рой-партизан тов. И. Н. Кузин. За доблесть и мужество, проявленные в партизанской борьбе в тылу против не- мецких захватчиков, ордена и медали вру- чаются большой группе партизан. Среди них тт. В. П. Мыларщиков, И. Н. Наза- роз, А. E. Савушкина и другие. Ордена и медали за образцовое выпол- нение боевых заданий командования на фронте борьбы с немецкими захватчиками и проявленные при этом доблесть и муже- ство были вручены большой группе коман- диров, политработников, инжене- ров и техников красной Армии. . За образцовое выполнение боевых за- даний командования на Фронте борьбы с немецкими захватчиками, проявленные при этом доблесть, мужество и выдающиеся заслуги в дете боевой подготовки, выра- щивания кадров артиллерии, обеспечения действующей армии боеприпасами и пред- метами артиллерийского вооружения на- грады вручаются генерал-лейтенанту ар- тиллерии К. Р. Мышкову, генерал-майору артиллерии Б. И. Шереметову, подполков- нику И. И. Алексееву, генерал-майору ар- артиллерии М. Н. Чистякова и др. :: Тов. М. И. Калинин сердечно поздравил всех награжденных с получением высоких напрад и обрапился затем со следующей рачью к партизанам: Товарищи, сегодня мы награждаем боль- шую группу партизан. Я считаю, что пар- тизаны-это одни из самых, пожалуй, боль- ших помощников нашей Красной Армач. Партизанское движение ценно не толь- ко тем, что партизаны расстраивают не- приятельские тылы, что они наносят уда- ры по технике, по живой силе врата, по его коммуникациям. что они нервируют врага, заставляя его во всякое время ог- лядываться назад. Партизанское движение выявляет наиболее храбрых бое-	vol-5128-page-01-seg-016-0472-4293-1147-6023.png
5128	1	1161	4303	1831	6021	260	0.96288	способных людей среди крестьян, среди наших городских работников. Но главная ценность партизанского дви- жения заключается в том, что оно дает выход ненависти, выход боевым силам колхозных и городских масс в их борьбе против немецких захватчиков. Даже в са- мом глубоком тылу врага партизанское движение внедряет, увеличивает уверен- ность тылового населения в том, что за- хват данной территории временный; опо и- организует непосредственно народные си- лы против фашистских захватчиков. i Вот с этой стороны, со стороны консо- лидации народных сил, со стороны на- правления их на борьбу с германскими захватчиками в глубоком тылу немецкой армии, - партизанское движение имеет исключительное значение. Партизаны --- это как бы представите- ли советской власти во вражеском тылу; в лицо партизан сельское и городское на- селение временно оккупированных районов видит советскую власть, а в соответствии этим укрепляется дух борьбы, растет уверенность, что немцы будут изгнаны. Это имеет громадное значение. Сегодня мы награждаем значительную группу этих беззаветных бойцов в тылу немецких захватчиков. Потери среди пар- тизан немалые, трудности в их борьбе ог- ромные, и награды, которые партизаны получили от советского народа, ими впол- не заслужены, это - заслуженные награ- ды (общие аплодисменты). Партизанство - это самая активная форма участия народа в всёне. И я ду- наю, что весной и летом партизанское движение не уменьшится, а, судя по всем реальным признакам, значительно усилит- ся, и партизаны будут наносить по вра- жеским тылам еще более сильные удары. Разрешите мне пожелать, чтобы ата первая значительная группа партизан, по- тучающих сегодня награды, имела своих продолжателей, чтобы в дальнейшем вы- росло еще много таких пруши партизан, достойных награждения (бурные, продол- длительные аплодисменты	vol-5128-page-01-seg-017-1161-4303-1831-6021.png
5128	1	1959	918	3152	998	3	0.95762	ОТ СОВЕТСКОГО ИНФОРМБЮРО	vol-5128-page-01-seg-018-1959-0918-3152-0998.png
5128	1	2043	1026	3058	1086	4	0.89546	Утре Утреннее сообщение марта	vol-5128-page-01-seg-019-2043-1026-3058-1086.png
5128	1	1893	1111	2548	1213	13	0.94608	В течение ночи на 17 марта на фронте каких-либо существенных изменений не произошло.	vol-5128-page-01-seg-020-1893-1111-2548-1213.png
5128	1	1891	1251	2548	1489	34	0.95659	Наши бойцы под командованием тов Боброва, сломив упорное сопротивление противника, овладели двумя населенными пунктами. Немцы понесли большие потери в живой силе и технике. Среди захвачен- ных трофеев 2 танка, оружие и 8 пулемёт тов.	vol-5128-page-01-seg-021-1891-1251-2548-1489.png
5128	1	1889	1531	2546	1913	55	0.95640	танковое подразделение под командованием тов. Дунаева, действуя со- вместно с десантом автоматчиков, ворва- лось в деревню С., превращенную немца- ми в сильный узел сопротивления. После короткого боя немцы отступили, оставив на улицах деревни 210 трупов. Огнем и гусеницами наши танкисты уничтожили 14 орудий, 3 танка, трактор. 2 автома- шины, 4 пулемета и 5 противотанковых орудий.	vol-5128-page-01-seg-022-1889-1531-2546-1913.png
5128	1	1885	1949	2544	2190	36	0.95360	Сержант Николаенко и красноармеец Баланчин, возвращаясь из развилки, за- бросали гранатами дом, в котором распо- ложились на отдых немецкие солдаты. Взрывами были уничтожены 18 титлеров- цев. Несколько немецких солдат, остав- шихся в живых, сдались в плен.	vol-5128-page-01-seg-023-1885-1949-2544-2190.png
5128	1	1885	2242	2536	2346	17	0.95430	Санитар Волков за один день вынес поля боя 37 раненых красноармейцев 47 47 винтовок и станковый пулемет.	vol-5128-page-01-seg-024-1885-2242-2536-2346.png
5128	1	1879	2396	2546	3090	105	0.95897	Ниже публикуются краткие записи боевых действиях партизанского отряда под командованием тов. А., действующего в тылу у немцев на территории Смолен- ской области: 28 января. Отряд совершил налет на деревню 0. занятую немцами. Партизаны выбить немцев из деревни и захватили трофеи, в том числе 2 орудия, 27 авто- машин, 18 мотоциклов, большое количе- ство автоматов и боеприпасов. Уничтожено 90 немецких солдат. 29 января. Немцы предприняли атаку, чтобы вернуть деревню захваченную нами. Атака немцев, поддержанная легки- ми танками и бронемашинами, была отби- та. На подступал к деревне немцы оста- вили 50 трупов и толоитый танк. 3 и 4 февраля. Отбили две атаки нем- цев, подержанных несколькими легкими	vol-5128-page-01-seg-026-1879-2396-2546-3090.png
5128	1	2574	1111	3230	1419	46	0.95417	танками и бронемашинами. Потеряв одну бронемашину и 93 человека убитыми немцы отступили. 5 февраля. В отряд прибыло пополне ние из местных колхозников. Разбившисе на 2 группы, партизаны атаковали нем- цев в деревне Г. и А. В бою немцы по теряли 150 человек убитыми, орудие и вездеход.	vol-5128-page-01-seg-027-2574-1111-3230-1419.png
5128	1	2572	1423	3228	1909	80	0.95361	6 февраля. После тщательно проведен- ной разведки совершили налет и разгро мили штаб немецкой дивизии и шта 13 мотополка. Немцы бежали, оставив на улицах деревни убитыми свыше 80 сол- дат и офицеров. В наши руки попали штабные) документы, 77 автомашин, гру- женных награбленным у населения иму- ществом, и другие трофеи. В этот же день другая часть отряда выбила кемпер деревни м., захватив 49 грузовых и 16 легковых машин, 2 вездехода, 4 ра- дистанции, 19 мотоциклов, 1 пулемет другое военное имущество.	vol-5128-page-01-seg-028-2572-1423-3228-1909.png
5128	1	2556	1969	3222	3084	163	0.96616	Затеянная гитлеровцами кампания экономию нервов», о чем сообщало Со- ветское Информбюро 2 марта, не принесла желаемых результатов. Теперь гитле начали еще одну кампанию, пелыс которой является восстановление утерян- ного немцами душевного равновесия. Фа- тистская печать завопила о том, что кино и радио надо перестроить, что они «долж успокаивать, развлекать и утешать людей». Геббельс требует от киноработни- создавать веселые и развлекательные фильмы, нет радио - передавать только легкую музыку. Немецкая газета "Дойче альгемайне цайтунг" в связи с этим пи- шет: "Новое направление в кино и ра- диопередачах имеет целью усилить способ- кость душевного напряжения немца». Визг немецких газет на тему о "сохра- геями нервов" и "душевного равновесия" весьма симптоматичен. Он отражает серь- езное беспокойство немецких властей за состояние тыла гитлеровской грабьарнии. Понятно, что из этой невой пошлой затен гитлеровцев опять ничего не выйдет, пбо нестрадавшееся население Германии не- возможно успокоить фокстротами и буль- варными песенками. Не по веселья сейчас в гитлеровской Германии. Несмотря на все потуги гитлеровцев. население Германии постепенно освобождается от фашистского нурмана.	vol-5128-page-01-seg-029-2556-1969-3222-3084.png
5128	1	2039	3118	3036	3180	4	0.93117	Вечернее сообщение 17 марта	vol-5128-page-01-seg-030-2039-3118-3036-3180.png
5128	1	1873	3204	2530	3587	57	0.96075	В течение 17 марта наши войска вели наступательные бои против немецко-фа- шистских войск, а на некоторых участках фронта отбили контратаки противника с большими для него потерями. За 16 марта уничтожено 47 немецких самолетов. Наши потери --- 15 самолетов. Нашими кораблями в Баренцевом море потоплены два транспорта, один тральщик и один сторожевой корабль противника общим водоизмещением 16.000 тонн.	vol-5128-page-01-seg-031-1873-3204-2530-3587.png
5128	1	1867	3637	2524	3951	55	0.95632	В течение 16 марта частями нашей авиации уничтожено и повреждено 6 не мецких танков, 205 автомашин с войска ми и грузами, 125 повозок с боеприпаса- ми, 13 автошистери с горючим, 36 орудий. 22 зенитно-пулеметных точки, 3 миномет- ных батареи, взорвано 9 складов с бое- припасами, рассеяно и частью уничтоже- но до 4 батальонов пехоты противника.	vol-5128-page-01-seg-032-1867-3637-2524-3951.png
5128	1	1857	3999	2520	4630	102	0.96371	На одном из участков Западного фронта одна наша часть за один день боев унич- тожила 600 немецких солдат и офицеров и захватила 2 противотанковых орудия, 4 станковых и 8 ручных пулеметов, 150 винтовок, 1 миномет, 10 автоматов, одно противотанковое ружье. 6.000 патронов и аругов военное имущество. На другом участке фронта, в районе населенного пунк. та Д., наша стрелковая часть в течение дня отразила несколько контратак пехоты противника, поддержанной танками. В 0010 захвачено 2 танка. 10 орудий, 1 крупно- калиберный пулемет, 8 станковых и руч- ных пулеметов, 50 винтовок, мины, руч- ные гранаты и винтовочных патроны. На поле боя остались сотни вражеских трупов.	vol-5128-page-01-seg-033-1857-3999-2520-4630.png
5128	1	1855	4666	2512	5154	73	0.95872	Наши части. действующие на одном из участков Юго-Западного Фронта, преодо- лев оборонительный рубеж противника. выпудили немцев к отходу. В бою уни- чтожено свышо 1.000 вражеских солдат и офицеров, полбиты 1 тяжелый и 7 средних танков. Взято в плен 382 немца. Захвачены трофеи: 35 орудий, 80 пулеме тов, 88 минометов, 108 автоматов, 357 винтовок, 3.500 снаряюв, 85.000 натро- нов, 10.000 мин. 200 пистолетов, 12 противотанковых ружей и несколько скла- дов боеприпасов, продовольствия и об-	vol-5128-page-01-seg-034-1855-4666-2512-5154.png
5128	1	1851	5190	2506	5505	51	0.96396	На одном на участков Калининского фронта наши части заняли несколько на- селенных пунктов. В боях уничтожено до 560 немецких солдат и офицеров. Два на- ших артиллерийских дивизиона 33 один лень подавили вражескую минометную ба... тарею, разрушили ряд укрепленных то- чек, взорвали склад с горючим и нанесли большой урон живой силе немцев.	vol-5128-page-01-seg-035-1851-5190-2506-5505.png
5128	1	2554	3236	3208	3641	58	0.96626	Группа немецких танков атаковала од- но из наших стрелковых подразделений Красноармеец тов. Набока выдвинулся противотанковым ружьем на опушку ле- са и, выбрав удобный момент, двумя вы- стрелами подбил вражескую машину... Вскоре появился еще один немецкий танк. Тов. Набока несколькими выстрела- ми вывел из строя и этот танк. Немец- кие танкисты пытались скрыться, но бы- ли уничтожены нашими бойцами.	vol-5128-page-01-seg-036-2554-3236-3208-3641.png
5128	1	2548	3657	3202	4151	77	0.96173	Несколько отрядов партизан Ленинград- ской области за время своей деятельно- сти истребили, по неполным данным, свы- ше 560 вражеских солдат, 29 офицеров несколько шпионов и доставили в штатском части Красной Армии 7 пленных немцев Бойцы партизанских отрядов взорвали 9 мостов, уничтожили 103 повозки и 26 автомашин с различными военными гру- зами, сожгли 10 складов с боеприпасами и продовольствием, подорвали один лег- кий танк и одну танкетку. Партизаны захватили v противника много винтовок, ручных пулеметов и другое оружие.	vol-5128-page-01-seg-037-2548-3657-3202-4151.png
5128	1	2542	4185	3198	4622	58	0.96032	У немецкого унтер-офицера Карлинско- найдено неотправленное письмо Ф. Пансус, проживающей в городе Обер гаузен. В письме говорится: «Русские непрерывно наступают, выбивают наши передовые охранения, делают нашу жизнь невыносимой. По ночам раздаются крики «Русские прорвались!». Нервам тяжело выдержать эти ночные тревоги. Нас сей- час трудно чем-нибудь расшевелить, на- столько сильны апатия и безразличие ко Brewv. Мы обречены на смерть».	vol-5128-page-01-seg-038-2542-4185-3198-4622.png
5128	1	2538	4636	3194	5222	95	0.96245	В ночь на 8 марта на станции Шид. тов- ская гитлеровские бандиты загнали в ва- гоны все мужское население села Зна- менка и открыли по вагонам стрельбу из автоматов. Из 250, человек осталось в жи- вых только 40 человек. В окрестностях Барвенково на-днях обнаружено несколь- ко глубоких ям. Во вскрытых первых двух ямах оказалось 77 трупов - жертв гитлеровских извергов. V многих из них вывернуты руки, выбиты зубы, выколоты газа, отрезаны упит, обожжены руки ноги. Есть трупы с перерезанным горлом. Врачебной экспертизой установлено, что все 77 несчастных погибли в результате чудовищных пыток и издевательств над	vol-5128-page-01-seg-039-2538-4636-3194-5222.png
5128	1	2530	5262	3184	5505	36	0.96203	На военном заводе в Любеке (Германия произошел большой пожар на складе го товой продукции. Подозревая в органи- зации пожара иностранцев, в большом ко- личестве работающих на этом предприя- тии, гитлеровцы расстреляли несколько человек французов и итальянцев.	vol-5128-page-01-seg-040-2530-5262-3184-5505.png
5128	1	1969	5543	3058	5683	7	0.95769	Письмо партизанок Брянского района командующему Брянским фронтом	vol-5128-page-01-seg-041-1969-5543-3058-5683.png
5128	1	1843	5745	2502	6021	36	0.95494	Женщины-партизанки Брянского город- ского и районного партизанских отрядов горячо приветствуют бойцов, командиров и политработников Брянского фронта с днем 8 марта и желают успеха в борьбе c ненавистным врагом человечества- но- немецким фашизмом. Отмечая свой исторический праздник	vol-5128-page-01-seg-042-1843-5745-2502-6021.png
5128	1	2674	5699	3100	5737	2	0.90917	(Замедлено доставкой)	vol-5128-page-01-seg-043-2674-5699-3100-5737.png
5128	1	2526	5741	3178	6023	40	0.96543	мы, партизанки, находящиеся в тылу вра- га, усилим свою помощь вам и будем бить захватчиков всеми силами и средствами Своей разведкой мы разгадаем все ковар- ные замыслы наших злейших врагов. Президиум торжественного заседа- ния женщин-партизанок, посвящен- ного празднику 8 марта	vol-5128-page-01-seg-044-2526-5741-3178-6023.png
5128	1	3317	906	4540	980	4	0.96706	В НАРОДНОМ КОМИССАРИАТЕ ОБОРОНЫ	vol-5128-page-01-seg-045-3317-0906-4540-0980.png
5128	1	3321	1012	4536	1217	26	0.93497	О преобразовании 119, 133, 366, 174, 361, 363, 88 и 111 стрелковых дивизий, 82 мото-стрелковой дивизии, 75 и 38 стрелковых бригад в Гвардейские дивизии и бригады	vol-5128-page-01-seg-046-3321-1012-4536-1217.png
5128	1	3281	1227	4594	1535	70	0.95211	В многочисленных боях за нашу Советскую Родину против немец- ких захватчиков 119, 133, 366, 174, 361, 363, 88 и 111 стрелковые диви зии, 82 мото-стрелковая дивизия, 75 и 38 стрелковые бригады показали образцы мужества, отваги, дисциплины и организованности. Ведя непре рывные бои с немецкими захватчиками, эти дивизии и бригады нанесли огромные потери фашистским войскам и своихи сокрушительными уда- рами уничтожали живую силу и технику противника, беспощадно гро- мили немецких захватчиков.	vol-5128-page-01-seg-047-3281-1227-4594-1535.png
5128	1	3254	1539	4592	2568	217	0.93951	За проявленную отвагу в боях за Отечество с немецкими захватчи- ками, за стойкость, мужество, дисциплину и организованность, загсе роизм личного состава преобразованы: 1. 119 стрелковая дивизия - в 17 Гвардейскую стрелковую диви- зию. Командир дивизии - генерал-майор Березин А. Д. 2. 133 стрелковая дивизия - в 18 Гвардейскую стрелковую диви- зию - командир дивизии генерал-майор Захаров Ф. Д. 3. 366 стрелковая дивизия - в 19 Гвардейскую стрелковую диви- зию - командир дивизии полковник Буланов С. И. 4. 174 стрелковая дивизия - в 20 Гвардейскую стрелковую диви- зию - командир дивизии подполковник Куценко. 5. 361. стрелковая дивизия - в 21 Гвардейскую стрелковую диви- зию - командир дивизии подполковник Михайлов Д. В. 6. 363 стрелковая дивизия -- в 22 Гвардейскую стрелковую диви- Зию -- командир дивизии полковник Свиридов К. В. 7. 88 стрелковая дивизия - в 23 Гвардейскую стрелковую диви- зию - командир дивизии полковник Соловьев В. А. 8. 111 стрелковая дивизия - в 24 Гвардейскую стрелковую диви- зию - командир дивизии подполковник Рогинский С. В. 9. 82 мото-стрелковая дивизия - в 3 Гвардейскую мото-стрелковую дивизию - командир дивизии полковник Акимов. 10. 75 стрелковая бригада- в 3 Гвардейскую стрелковую бригаду- командир бригады капитан 1-го ранга Сухиашвили К. Д. 11. 38 стрелковая бригада- в 4 Гвардейскую стрелковую бригаду- командир бригады полковник Данилян С. М. Преобразованным дивизиям и бригачаются Гвардейские Знамена.	vol-5128-page-01-seg-048-3254-1539-4592-2568.png
5128	1	3545	2608	4267	2666	2	0.92458	Боевая 1вардейская	vol-5128-page-01-seg-049-3545-2608-4267-2666.png
5128	1	3232	2692	3901	3657	148	0.96189	В суровые октябрьские дни прибыла на фронт 82-я мотострелковая дивизия. Она встала на защиту Москвы. Бойцы, командиры и политработники ди- визии впервые столкнулись с германо-фа- шистскими войсками. Но у дивизии уже был боевой опыт по защите родной страны В боевых схватках с врагами нашей роди- ны дивизия завоевала немеркнущую славу, и два ее полка уже тогда были награжде ны орденом Красного Знамени. Много бой пов и командиров проявили мужество и храбрость, беззаветную преданность роди- не, показать образцы героизма. Правитель- ство наградило 1.467 бойцов, командиров и политработников, отличившихся в боях, орденами и медалями Союза ССР. Дивизия воспитала младшего командира Пономаре- ва и майора Заиюльева, которым было присвоено звание Героя Советского Союза. Боевая слава дивизии была приумножь- на в боях с немецко-фашистскими захват- чиками. Дивизия получила приказ остано- вать наступление противника и нанести ему удар на дальних подступах к столице. Напряженные бои продолжались днем ночью. Славен путь, пройденный боевой дивизней!	vol-5128-page-01-seg-050-3232-2692-3901-3657.png
5128	1	3228	3659	3889	3897	36	0.94767	Первый удар фашистским войскам бы. нанесен у деревни Труфановка, где диви- зия показала стремительность удара, мощи оружия, храбрость своих бойцов. Bpar яростно атаковал части дивизии Неоднократно пытатся он прорвать оборо- ну, приблизиться к Москве. Дивизия нано-	vol-5128-page-01-seg-051-3228-3659-3889-3897.png
5128	1	3923	2684	4584	2992	51	0.96572	сила врагу поражение за поражением. Обо рона крепла с каждым днем, и вот насту- пил долгожданный день, когда полка ди- визии перешли в контратаку и нанесли сокрушительные удары врагу. Только один полк дивизии в ожесточенных боях унич- тожил 95 фашистских танков и истреби. до по.тутора тысяч немецких солдат и офи- церов.	vol-5128-page-01-seg-052-3923-2684-4584-2992.png
5128	1	3907	2998	4582	3895	131	0.95738	Дивизия перешла в решительное на- ступление. Прорвав оборону врага, часть ее с боями захватывали опорные пункты немцев и неотступно преследовали отходя щего противника, ломая на своем пути узлы его сопротивления. Дорохово, Можайск, Бородино, Семенов- ские Флеши исторические места Оте- чественной войны 1812 года --- вот рай- он, освобожденный славной дивизией от немецких захватчиков. Вслед за взятием Можайска дивизия в течение одного дня освободила от фашистов 77 населенных пунктов. Артиллеристы дивизии сопровожja.in пехоту огнем своих орудий, способствова- ли ее продвижению вперед, метко уничто- жая огневые точки врага и его укрепле- ния. Зенитчики дивизии за два месяца боев сбили 23 вражеских самолета. Раз- ведчики и связисты, саперы и миномет- :: чики, все дрались мужественно и от- важно, грудью защищая родную столицу. : трудных боях ковалась слава диви- зии, завоевавшей почетное звание Гвар- лейской.	vol-5128-page-01-seg-053-3907-2998-4582-3895.png
5128	1	3353	3935	4436	4057	5	0.95406	Фашисты отступают с большими потерями	vol-5128-page-01-seg-054-3353-3935-4436-4057.png
5128	1	3220	4081	3881	4822	114	0.94656	Южный фронт, 17 марта. (По теле графу от наш, спец. корр. ). В районе дей- ствий N соединения идут ожесточенные бои. Части соединения успешно тоня врага. Фашисты оставляют позицию за позицией, неся большие потери. В "красной звезде" 15 марта сообща- лось о напряженных боях за один круп- ный населенный пункт. Этот пункт два раза переходил из рук в руки. Позавчера часть вновь перешла в наступление решительно атаковала вражеские позиции. . Бой длился целый день. Немцы несколько раз переходили в контратаку, но каждый : раз отступали с огромным уроном. К вечеру наша артиллерия усилила огонь по фашистским позициям. Особенно большие потери наносили немцам артил- лерийские подразделения тов. Ткача. Вы- :: калив орудия вперед пехоты, артиллери-	vol-5128-page-01-seg-055-3220-4081-3881-4822.png
5128	1	3905	4087	4572	4474	58	0.96324	стс прямой наводкой громити неприятель ские огневые точки. Немцы бросили контратаку около десятка танков, но вра- жеские машины не успели пройти ста метров, как были остановлены мощным огнем наших батарей. Два танка были разбиты, остальные повернули обратно. Наконец. огонь противника значительно ослаб. Наша пехота ворвалась в насетен- ный пункт, а через час он был полностью очищен от немцев.	vol-5128-page-01-seg-056-3905-4087-4572-4474.png
5128	1	3901	4480	4566	4820	45	0.95891	Захватив селение, N часть учла ошиб ки первого боя за этот пункт и немедлен- но развернула преследование противника... Фашисты попытались было закрепиться для обороны на небольших высотах во сточнее населенного пункта, но стреми- тельным ударом были сброшены с них... Наша часть продолжает развивать успех наступления.	vol-5128-page-01-seg-057-3901-4480-4566-4820.png
5128	1	3365	4868	4414	4984	4	0.97212	Лыжники разгромили немецкий батальон	vol-5128-page-01-seg-058-3365-4868-4414-4984.png
5128	1	3200	5008	3873	6031	152	0.96049	КАЛИНИНСКИЙ ФРОНТ, 17 марта. (Пс телеграфу от наш. спец. корр. ). Вчера бой- пы-лыжники, возглавляемые командиров Кузнецовым, разгромили усиленный ба- тальон немецкой пехоты. Пытаясь вый ти во фланг одной нашей части, фашист- ский батальон с артиллерией втянулся деревню. Этого только и ждали лыжники, следившие за каждым шагом противника. Легко скользя по насту, они быстро окру- жили фашистов с трех сторон и стали отрезать путь отхода. Немцы, оказавшиеся в тяжелом положе- нии, попробовали сопротивляться, но не выдержали губительного автоматного огня и дропнули. Это решило их участь. поле боя остались трупы 400 солдат и 12 офицеров. Лишь немногим удалось про- рваться и отступить. По предварительным данным, лыжниками захвачены 12 стан- ковых и 13 ручных пулеметов, 2 мино- мета, 2 рации, подводы с боеприпасами, винтовки, автоматы и прочее военное ему. щество. На другом участке фронта продолжает- ся уничтожение блокированных немецких гарнизонов. Одновременно части N соеди- нения очищают от противника близлежа- щие мелкие опорные пункты Противник	vol-5128-page-01-seg-059-3200-5008-3873-6031.png
5128	1	3879	5018	4558	6033	159	0.96005	отстаивает их с большим упорством. Не которые деревни по нескольку раз перехо дят из рук в руки. На-днях пехотное подразделение насту- пало на немецкий опорный пункт. Танк лейтенанта Дубовика ворвался в деревню вместе с пехотой и уничтожил два дзота два противотанковых орудия, три мино мета, более 20 солдат и офицеров. Но по- том танк наскочил на мину и остановил- ся, а немцам удалось оттеснить нашу пе- хоту. Фашисты пытались захватить эки- паж поврежденного танка в плен. Однако лейтенант Дубовик, сержант Трофимов, сержант Максименко и красноармеец Ма- лай пулеметным и пушечным огнем от- бивали все эти попытки. Убедившись, что экипаж не сдастся, фашисты трижды лы- тались поджечь танк, но каждый раз тан- кисты тушили пламя. В течение 50 часов они отражали все атаки врага и нанесли немцам большой урон. После перегруппировки наша пехота снова выбила фашистов из деревни и проч- но закрепилась в ней. Тань был немед- ленно восстановлен. Сейчас геройский эки- паж лейтенанта Дубовика выполняет но- вые боевые задания	vol-5128-page-01-seg-060-3879-5018-4558-6033.png
5128	2	530	352	4538	418	8	0.93588	18 марта 1942 г., среда. № 64 (5128).	vol-5128-page-02-seg-001-0530-0352-4538-0418.png
5128	2	480	478	4544	748	18	0.98610	Закреплять каждый отвоеванный у врага рубеж, держать его незыблемо прочно, сделать его отправной точкой для нового броска вперед:	vol-5128-page-02-seg-002-0480-0478-4544-0748.png
5128	2	618	836	1667	1002	4	0.92084	блокирование немецкого узла сопротивления	vol-5128-page-02-seg-004-0618-0836-1667-1002.png
5128	2	652	1032	1633	1068	5	0.90391	От специального корреспондента «Красной звезды»	vol-5128-page-02-seg-005-0652-1032-1633-1068.png
5128	2	460	1091	1125	1719	91	0.96505	Прорвав в свое время фронт немецко- фашистских войск, наши части столкну- лись с сильным узлом сопротивления про- тивника. Для полной ликвидации его необходимы были значительные силы время, тогда как обстановка требовала не- медленного преследования отходивших вра- жеских частей. Учитывая это, наше командование решило выставить заслон против немецких гарнизонов, постепенно блокируя их, и одновременно продолжать наступление. Когда тощая наступательная задача на этом участке в основном была выполнена, начались бои, направленные на ликвидацию вражеского узла сопроти- вления, который оказался уже в нашем глубоком тылу, быт блокирован и пол- ностью отрезан от своих войск.	vol-5128-page-02-seg-006-0460-1091-1125-1719.png
5128	2	456	1729	1117	2009	37	0.96369	Противник засел в девяти населенных пунктах, расположенных близко один к другому. Наиболее крупный населенный пункт, районный центр, имел важное опе- ративное значение, являясь перекрестком ляти шоссейных дорог. Местность, где происходили бон, -- сильно пересеченная, покрыта густой растительностью.	vol-5128-page-02-seg-007-0456-1729-1117-2009.png
5128	2	456	2015	1113	2155	20	0.95402	Немцы приспособили к обороне все де- вять населенных пунктов. Каждая дерев- ня представляла собой опорный пункт, рассчитанный на круговую оборону.	vol-5128-page-02-seg-008-0456-2015-1113-2155.png
5128	2	452	2165	1113	2478	41	0.96629	Когда оборона была прорвана и нача- лось блокирование узла сопротивления, немцы, отказавшись от сдачи, стали спешно усиливать гарнизоны. Здесь на- считывалось до двух полков пехоты, имел- ся один тяжелый артиллерийский полк, были подразделения противотанковой ар- тиллерии, минометные и даже огнеметные подразделения.	vol-5128-page-02-seg-009-0452-2165-1113-2478.png
5128	2	448	2488	1111	2904	59	0.96954	Первые дни боев характеризовались ча- стыми контратаками со стороны немцев. Противник пытался наносить удары в на- правлении основных дорог, перехвачен- ных нашими бойцами, и тем самым обес- печить за собой... основные коммуникации. Под прикрытием огня артиллерии и ми- номеров немцы бросали в бой многочис- ленные подразделения пехоты, танкетки, броневики. Бойцы успешно отбивали контратаки, загоняя врага обратно в его логово.	vol-5128-page-02-seg-010-0448-2488-1111-2904.png
5128	2	440	2908	1107	3811	139	0.96339	B результате частых и безуспешных контратак противник понес значительные потери в живой силе. Оказавшись в край- не тяжелом положении, он решил прорвать блокаду и соединиться с отступающими войсками. Собрав кулак почти все имеющееся в своем распоряжении, немцы пачоли наносить удар вдоль дороги, ведущей на северо-запад. Огнем артиллерии, минометов и автоматчиков, пробравшихся лесами, они сумели на пер- вых порах потеопить наш блокировочный отряд, оседлавший шоссе, и частью сил вырваться на простор. Но этот успех вра- ra был педо.тгоеременным. Наше коман- дование быстро разгалало его намерения. С помощью подослевшего резер- ва высунувшийся "клип" немцев был ата- кован с фланга, сбит с дороги и разруб- тен на две части. Фашисты послешили убрать за свои укрепления уцелевшее основание глина, по другая это часть, основном пехота, а также несколько легких броневиков и танкеток, --- рассея- лась по лесу и вскоре была истреблен. - полностью.	vol-5128-page-02-seg-011-0440-2908-1107-3811.png
5128	2	440	3821	1108	4203	59	0.96098	Наши части усиливали илокалу. Они перехватывали теперь но только шоссей- ные дороги, по и труднопроходимые в зим- них условиях проселки, лесные тропы. Кольцо вокруг узла сопротивления фаши- стов постепенно замыкалось, Когда epar был обложен сплошной линией с востока, юга и юго-запада, началась планомерная операция, направленная окончательному разгрому противника. К этому времени все дороги и тропы, ведущие на север по	vol-5128-page-02-seg-012-0440-3821-1108-4203.png
5128	2	1129	1091	1807	3753	393	0.96211	северо-запад, были также закрыты уси- легавыми отрядами, лесные промежутки между ними, проходимые только для пе- больших групп пехоты, контролировались патрулями. Чтобы овладеть таким крупным узлом сопротивления и не понести больших по- терь, необходимо было разрубить его на несколько участков для изоляции одного опорного пункта от другого. Это позволяло нарушить систему огня и взаимодействие между отдельными очагами немецкой обо- роны. Так и было сделано. Наши части повели наступление с юга. Предполага- лось, разруби: узел сопротивления подвал, сразу же ликвидировать его западную часть, а потом приступить к штурму во- сточной, представлявшей собой главный очаг обороны. Бой длился несколько дней. Пехота шаг за шагом овладевала рубежами немецкой : обороны. Она наступала пол звуки артил- лерийской музыки. Сметая с лица земля вражеские укрепления, артиллеристы рас- чищати ей туть. Наконец, оборонитель- пые позиция противника были прорваны в нескольких местах, красноармейцы подошли вт.ютную к ряду опорных пунк- тов. Частью сит бойцам удалось пересеть весь узол сопротивления и от- дельно блокировать его восточную часть. Это поставило в особо затруднительное по- ложелие немецкие гарнизоны, занимавшие пять населенных пунктов. Изолированные от своих основных сил, они векоре палп. Так закончился первый этап разгрома оса- жденного противника. Все же, несмотря на явно безвыходное положение гарнизонов, немецко-фашист- свое командование не отказывалось от мысли удержать за собой стык дорог п остававшиеся в его руках четыре пасе- ленных пункта. Началась успешная пол- броска резервов на транспортных самоле- тах, высылались специальные отряды, ко- торые должны были прорваться к осаж- денным по земле. Но ни то, и другое не с ласло врага. В борьбе против транспорт- ной авиации противника активное участие приняла пехота. Групповым из вин- товое п пулеметов. особенно из противо- танковых ружей, войны сбили немалое количество вражеских машин. В одни тепь на этом участке силами наземных войск было уничтожено 16 фашистских самоле- тов. Отряды немцев, спешивите на по- мощь осаждоллым лесами, были встречены истребительными командами рассеяны. О новременно части вели полго- товку к решающему улару по врагу. Пос- ле перегруппировки сил одна часть обо- шла укрепления немцев и ударила по нич. с севера. Это оказалось неожиданностью фашистов. Не удержав своих позиций, они откатились на юг. Там их встретила другая группа наших войск, наступавшая. прежисм папоавлении. Завязался ли- тельный бой. Получив ряд мощных уда- ров, враг заметался поля в безвыход- ность своего положения, стал разбегаться. панике момны бросали материальную часть, боеприпасы. транспорт и группами удирали в леса. Спустя несколько часов весь узел сопротивления быт в наших ру- ках.	vol-5128-page-02-seg-013-1129-1091-1807-3753.png
5128	2	1125	3755	1783	4067	45	0.96087	В имго многочисленная группа немецко- фашистских войск, засевшая в сильно укрепленном районе. была разгромлена полностью. Попеся огромные потери уби- тыми и ранеными, она оставила на поле боя 311 автомашин, 14 орудий. 21 мото- цикл, броневики, танкетки, тракторы, ве- тосипеды, винтовки, бсеприпасы и много крутого вооружения.	vol-5128-page-02-seg-014-1125-3755-1783-4067.png
5128	2	1153	4081	1741	4193	7	0.94434	Старший батальонный комиссар Л. ВЫСОКООСТРОВСКИЙ... КАЛИНИНСКИЙ ФРОНТ.	vol-5128-page-02-seg-015-1153-4081-1741-4193.png
5128	2	698	4243	1525	4303	3	0.94282	Контратака врага отбита	vol-5128-page-02-seg-016-0698-4243-1525-4303.png
5128	2	434	4315	1099	4772	63	0.95612	ВОЙСКА ГЕНЕРАЛА МЕРЕЦКОВА, 17 марта. (По телеграфу от наш. спец. корр. ). На одном участке фронта немцы предири- няли контратаку. Фашистская пехота, чис- ленностью до трех батальонов, двигалась под прикрытием 15 танков. Вместе с тан- ками большие отряды автоматчиков. Однако попытка немцев контратакой вернуть потерянные позиции провалилась. Стойко и мужественно отражали напор врага наши артиллеристы, пулеметчики. автоматчики и стрелки. танков, брошенных немцами на	vol-5128-page-02-seg-017-0434-4315-1099-4772.png
5128	2	1119	4323	1781	4770	72	0.97039	наши позиции, четыре были сожжены, че- тыре подбиты нашими артиллеристами, ос- тальные повернули вспять. Оказавшаяся без танков немецкая пехота попала под гу- бительный огонь и понесла огромные поте- ри. Враг отхлынул, оставив на поле. болельщик около 450 трупов. Немалого успеха достигли на этом же участке фронта нарнии славные гвардейцы. В одном бою они уничтожили около 15 вражеских пулеметов и захватили несколь- ко блиндажей, уложив на месте около 200 немецких солдат и офицеров.	vol-5128-page-02-seg-018-1119-4323-1781-4770.png
5128	2	2121	840	2892	972	3	0.95184	Штурм укрепленной высоты	vol-5128-page-02-seg-020-2121-0840-2892-0972.png
5128	2	1825	1008	2490	2023	160	0.95986	ЗАПАДНЫЙ ФРОНТ, 17 марта. (По те лефону от наш. спец. корр. ). Эта высота господствует над большим районом. На восток с нее открывается обзор воей до лины речки. Вдоль речки идет большак, и с высоты вины в машеины ки- лометров за 10--15. Немцы упорно защищали эту высоту. Нани части обошли со с севера и с юга, немцы все не уходили. На фронте 00- разовался своеобразный язык, влезающий своим острием в глубину боевых порядков наших войск. C высоты противник корректировал огонь своих минометов и артиллерии. Не- сколько раз, со редоточив резервы, пере- ходил он отсюда в контратаки. Подойти высоте было очень трудно. Немцы со- оруцили на ней даты, вкопали ташки, вы- рубили в камнях глубокие ходы сообще- ния. Каждую нашу атаку они встречали огнем пулеметов, минометов, танковых пу- шек, автоматов. Занимавший высоту немецкий гарнизон пополнялся самыми отчаянными голова- резами. Что это были за солдаты, видно из приказа по 365-му пемедному пехот- ному полку от 28 февраля сего года за № 64/2:	vol-5128-page-02-seg-021-1825-1008-2490-2023.png
5128	2	1823	2029	2491	2452	61	0.95998	«Согласно указанию командира диви- зии, в батальонах до 5 марта провести отбор солдат для защиты высоты. Кан- дидатами выделять отличившихся в боях солдат, преимущественно членов - нацио- нат-социалистической партии". Вчера наша N часть атаковала высоту. Наиболее важная задача выпала на долю артиллеристов. Они должны были разру- шить дзоты немцев, потавить минометные батареи. Артиллеристами командовал май- ор Маврин. Тщательно разведав цели и	vol-5128-page-02-seg-022-1823-2029-2491-2452.png
5128	2	2514	1012	3172	1399	60	0.95698	подготовив данные, они в 4 часа утра открыли огонь. 20 минут без перерыва бити наши батареи, обрабатывая высоту Под прикрытием огня артиллерии к вы сото вплотную подошли наши танки, а за ними пехота на санках и лыжах. Танки вети борьбу с огневыми точками врага, расположениями у полножия высоты, де- лали проходы в проволочных заграждени- ях, сквозь которые устремлялись пежо- танцы.	vol-5128-page-02-seg-023-2514-1012-3172-1399.png
5128	2	2510	1407	3168	1649	48	0.95250	С рассветом штурм высоты был в са- мом разгаре. Борьба шта уже в глубине обороны немцев, не только у подножия по и на самой вершине, в дзотах. Про- тивник быстро сказался в таких услови- ях, когда он не мог применить миномет- ного огня без риска попасть в своих.	vol-5128-page-02-seg-024-2510-1407-3168-1649.png
5128	2	2508	1659	3166	1937	41	0.96116	Наши бойцы заваливали бойницы кам пями и блокированные таким образом ог- невые точки ликвидировали гранатами, а то просто оставляли около них небольшой караул и сами шли вперед. В одном и таких дзотов отделение сержанта Вдв- на уничтожил семь фашистских артилле- ристов.	vol-5128-page-02-seg-025-2508-1659-3166-1937.png
5128	2	2496	1947	3162	2452	78	0.96551	Штурм высоты продолжался с по лавиной часов. Утром немцы бросили бы- ло на подмогу до 75 лыжников. Но еще в пяти километрах высоты этих лыж- ников рассеяла и частично уничтожила наша авиация. Днем вступили в бой фашистские само- леты, по они не сумели повлиять на его результаты. Потеряв три машины, сои- тые зенитчиками части, которой команду- ет тов. Гетьман, фашистские стервятники улетели ни с чем. В 12 часов дня высота была полностью в руках подразделений нашей N части.	vol-5128-page-02-seg-026-2496-1947-3162-2452.png
5128	2	2045	2508	2950	2638	5	0.95261	Наши части перемалывают вражеские резервы	vol-5128-page-02-seg-027-2045-2508-2950-2638.png
5128	2	1817	2662	2474	3052	55	0.95011	ЮГО-ЗАПАДНЫЙ ФРОНТ, 17 марта (По телеграфу от наш. спец. корр. ). Стре- мясь сдержать наступление наших войск немцы бросают в бой свежие резервы. Вчера на одном участке фронта противник предпринял яростную контратаку при под- держке танков и авиации. Он, очевидно, рассчитывал, вводя в бой технику, что ему удастся отбросить или даже окружить наши прорвавшиеся части.	vol-5128-page-02-seg-028-1817-2662-2474-3052.png
5128	2	1813	3064	2472	3411	42	0.96123	Расчет фашистов, как и раньше, ока- зался неосновательным. Укрепившись в освобожденных селах, наши славные гвар- дейцы встретили неприятеля губительным огнем артиллерии, минометов, пулеметов, винтовок. На подступах к населенным пунктам была создана непроницаемая за- веса огня. Захлебнувшись в своей крови, немцы отпрянули назад.	vol-5128-page-02-seg-029-1813-3064-2472-3411.png
5128	2	1811	3423	2472	3701	45	0.94903	По соседству с нашим участком фронта неприятель бросил в бой 10 танков и ба- тальон пехоты. Здесь также он был встре- чен сильным огнем. Три танка были пед- биты, и вражеская пехота повернула об- ратно за своими отступившими танками. В самый разгар боя над расположением	vol-5128-page-02-seg-030-1811-3423-2472-3701.png
5128	2	2486	2668	3160	3703	147	0.95259	советских войск появилось несколько вра- жеских бомбардировщиков. Первыми же выстрелами на ней зенитчики сбили один пикирующий бомбардировщик. Он упал. невдалеке в лесу и взорвался. Остальные бомбардировщики, беспорядочно сбросив бомбы и по причинив вреда, ушли на свою территорию. B районе прорыва немецкой обороны, совершенного недавно, скрываются в ле- сах уцелевшие солдаты 294-го пехотного полка 514-й немецкой дивизии. Они уже но надеются на успех фашистских войск. Многие из них, заручившись листовками, переходят на нашу сторону. Близ одного села два дня скрывались в лесу 45 солдат, среди них четыре унтер- офицера. Увидев пятерых красноармейцев, они сложили оружие и сдались в плен. Мы решили, что плен - лучший для нас выход из войны, говорит еф- рейтор Эммануил Хайман. - Каждый день войны идет на пользу Красной Армии во вред германской армии. Наш полк раз- бит. Два дня мы мерзли и голодали в ле- cy. Посоветовавшись, решили: воевать нам бессмысленно и бесполезно...	vol-5128-page-02-seg-031-2486-2668-3160-3703.png
5128	2	2019	3759	2932	3905	6	0.93955	Из противотанкового ружья по вражескому самолету	vol-5128-page-02-seg-032-2019-3759-2932-3905.png
5128	2	1803	3921	2468	4772	112	0.95675	ДЕЙСТВУЮЩАЯ АРМИЯ, 17 марта. (По телеграфу от наш. спец. корр. ). Против- ник вводит в бой не только свои пе- хотные резервы, по также перебрасывает на угрожаемые участки фронта бомбарди- ровочную и штурмовую авиацию. С та- днем растет количество фашистских стервятников. сбиваемых воздушных боях и зенитно-артиллерийским огнем. По менее успешно борется с вражеской авиацией наша пехота. Смелому, бедер- данному, хладкокdовному бойну немец- кий самолет не страшен. Замаскировав- шись в лесу, укрывшись в блиндаже кли окопе, бойцы умело ведут групповой. иногда и индивидуальный огонь по воз- дупиному врагу. На-днях техник-интендант 2-го ранта Голомидов сбил фашистский истребитель 173 автомата. Притаившись у дерева и поло- жив автомат на сук, Голомидов спокойно выждал приближение истребителя, кру-	vol-5128-page-02-seg-033-1803-3921-2468-4772.png
5128	2	2484	3927	3148	4768	117	0.95782	жившегося на малой высоте, и дат длин- ную очередь. Немецкий летчик быт убит и самолет его врезался в землю. Удачным выстрелом из винтовки красноармеец Ле- бедев повредил мотор вражеского самоле- та. Оставляя за собой струю черного лы- на, самолет камнем полетел вниз. Девять раз пикировал «Юнкерс» на пулемет тов Федоренко, Расчет пулемета стойко отра жал нападение. Удачная очередь --- «Юнкерс» врезался в землю. Эффективным средством борьбы с само- летами противника оказалось противотан- новое ружье. Только за день на одном участке фронта групповым огнем противо танковых ружей было сбито девять гараже ских самолетов. Особенно успешно дей- ствуют этим оружием в части, которой командует тов. Батраков. Подразделение, возглавляемоо старшем лейтенантов Крюч- ковым, за несколько дней сбило четыре немецких самолета.	vol-5128-page-02-seg-034-2484-3927-3148-4768.png
5128	2	502	5995	3074	6067	27	0.93738	делегаты монгольской народной РЕСПУБЛИКИ НА ЗАПАДНОМ монгольского народа, Справа - секретарь ЦК Монгольской Народной портов. Янжима. ФРОНТЕ. На снимке: вручение Гвардейской Дивизии значени Снимок Л. Доренского, (ТАСС).	vol-5128-page-02-seg-035-0502-5995-3074-6067.png
5128	2	3379	830	4351	1000	5	0.91154	Почему танковая атака была неудачной	vol-5128-page-02-seg-037-3379-0830-4351-1000.png
5128	2	3174	1032	3855	3895	447	0.95624	Роль тапков бою общеизвестна. Сочи- тая высокую подвижность и проходимость обладая мощным огнем и большой силой : улара, танки представляют собой могучий броневой кулак, способный сломить самое упорное сопротивление врага. Однако это вовсе не означает, что танковые подраздел- ления могут сами по себе решить исхо общевойскового боя. Грозная сила ташков проявляется в полной мере лишь тогда когда их применяют во взаимодействии пехотой и артиллерией и входят в бой ор- ганизованно, продуманно, после тщатель ной подготовки наступления. Малейшее на решение этих положений неизменно ска зывается на общем ходе боя. Разберем олии танковый бой. Танковый батальон, которым командуе ТОВ. Максимов, после успешных боев ряд населенных пунктов вышел в район леса и стал вводить себя в порядок. Тем временем командир батальона бы: вызван старшему общевойсковому на- : чальнику и получил от него задачу. Требо- валось частью сит атаковать противника ближайшем селении и выйти на восточ- ную украину следующего крупного насс- лонного пункта, обеспечивая тем самым) продолжение стрелкового полка, которы) командует тов. Ефремов. Другая часть тан- ков, большая но количеству (назовем ее правой группой), должна была действовать со вторым стрелковый полком, которых командует тов. Фочниц, и атаковать пемцег в том крупюм населенной пункте, на- ступая на другую его окрашну. Попутно- предстояло папести ряд ударов противнику занимавшему оборону на промежуточных рубоках. Как протекает бой? Правая группа тап- ков уже при подходе первому вселенную была встречена сильным огнем противо- танковой артиллерии и зенитных орудий. наши боевые машины тоже воли интенсивный огонь. Однако, стрелял с ход: по плохо видимым целям, они не смогли. окончательно половить вражеские орудия. В свою очередь пехота, идущая за танка- ми, попала под сильный ружейный и пу- леметный огонь. Общая атака успеха пе имола. Танковая группа вынуждена был: вернуться в исходное положение. Мало чем отличался ход событий и в левой группе. Правда, здесь б.лагодаря поджиданности удара танки уничтожила свыше батальона вражеской пехоты на промежуточных рубежах. Но в ходе про- движения к основному объекту атаки описание тоже попали под огонь противотанковых пушек и понесли покоторые потери. Пехота осталась сзади, потому что вражеские автоматчики и тулечетчики, пропусти5 наши танки вперед, открыли огонь из чер- чердаков подвалов домов. В такой обстановке у командира тапко ваго подразделения оставалось одно реше - возвратиться к своей пехоте, орга низовать разведку, установить связь с ар. тиллерцей и повторить атаку. Но тут был допущена еще одна онлибка. Все тан- повернулись кругом и начали отхо жить к своей пехоте. Известно, что в этот момент артиллерия должна обеспечивать огнем выход тальков к тыльным рубежам Этого не было, потому что взаимодействие артиллерии с танками было налажено сла- бо, что сказалось и в самом начале боя теперь. Отходящие танки остались без прикрытия, п противник не замедлил вос- пользоваться этиу состоятельствой. Он от- крыл огонь из всех орудий и причины. повреждения поскольким мангинам	vol-5128-page-02-seg-038-3174-1032-3855-3895.png
5128	2	3172	3905	3831	4434	83	0.96187	Если проанализировать ход этого пе- удачно сложившегося боя, нетрудно найт: причины, которые привели к таким пе чальным последствиям. Прежде всего не- обходимо отметить, что не все еще обще войсковые командиры научились правильн оценивать боевые свойства танков, не все еще с полной ясностью представляют себе существо взаимодействия их с пехотой артиллерией. Поэтому танки иногда бро- саются в бой поспешно, наобум, без вся- кой предварительной подготовки, без огне вого обеспечения. Танг, мо.т, крепкая ма- шина - с чем угодно справится! Видимо, этой в корне неправильной	vol-5128-page-02-seg-039-3172-3905-3831-4434.png
5128	2	3873	1028	4544	2464	212	0.96072	точки зрения придерживались и команди- ры, организовавшие данный бой. Иначе чем же объяснить, что перед атакой на пехотные, ни танковые начальники не по- заботились раздобыть подробные сведения характере вражеской обороны. Если разведчики еще накануне тщательно изу: чили местность и уточнили, где располо- жены огневые точки противника, а не только приблизительно определили районы предполагаемых позиций, то, разумеется, ошибок было бы значительно меньше. Второе, не менее важное, условие бое- вого успеха личная рекогносцировка и увязка всех вопросов взаимодействия на местности. Командир пехотного подразде- ления (части) обязан выйти на поле пред- стоящего боя вместе с командиром-артил- : леристом и танкистом, чтобы там подроб- но договориться о характере действий на каждом этапе боя. Тут опять неоценимую услугу окажут данных разведки. Дополняя их личным осмотром местности, командир сможет целеустремленно поставить задачу a каждому подразделению. Но на этот раз командиры ограничились беглым осмотром местности, и поэтому за- дачи средствам усиления были поставле- ны неконкретно. Например, боевой приказ артиллерии общевойсковой командир сфор- мулировал так: «артиллерийский отопь по деревне». Вряд ли нужно доказывать, что такая постановка задачи не отвечала на интересам пехоты, ни интересам танков. А между тем оборона неприятеля была силь- на в противотанковом отношении. Артил- леристы должны были обеспечить танко- вые подразделения непрерывной подерж- кой батарей и орудий сопровождения. Но эта задача перед ними не была поста- влена.	vol-5128-page-02-seg-040-3873-1028-4544-2464.png
5128	2	3857	2470	4536	3943	229	0.96342	Допустили оплошность и сами танкисты Известно, что командир танкового подраз- деления обязан организовать личную раз ветку и согласовать свои действия с тиллерией и пехотой. Не будет ничего плохого, если танкист предложит общевой- сковому командиру свой план налоолее це... лесообразного применения боевой техники в данной конкретной обстановке. Ясно, что командир перед принятием решения дол жен глубоко проанализировать все элемен ты обстановки, учесть все детали, могу- щие повлиять на ход боя. Помощь танки- ста и артиллериста здесь будет вполне уместна. Если нет этого тесного контакта при самом зарождении плана боя, то вря ли мольно надеяться на согласованные дей. ствия подразделений. Кратко остановимся на вопросах, состав- ляющих область так называемой специаль- ной тактики танковых подразделений. Тан- наступали двумя эшелонами. При на- ступлении на неразведанную оборону та- кое построение боевого порядка выгодно. Первый эшелон, помимо выполнения дру- гих задач, как бы доразведывает огневую систему противника. Он выявляет место и количество противотанковых орудий, ско- вывает и уничтожает их, а второй эшелон танков отыскивает слабые места в оборо- не, выходит на ее фланти и тым. Прак- тика показала, что дистанция не живу эпик- лонами должна быть не менее 300--400 метров. Эта дистанция не даст возможно- сти противнику одновременно вести огонь по обоим эшелонам. В описанном вами бою эшелонирование танков соблюдалось только на первом эта- пе. Но потом все машины очутились поч- ти на одной линии, и это, разумеется, зна- чительно повысило эффективность огня вражеской артиллерии.	vol-5128-page-02-seg-041-3857-2470-4536-3943.png
5128	2	3855	3951	4522	4432	66	0.96206	Наконец, нельзя обойти молчанием еще один недочет, характеризующий непрости- тельную поспешность, с которой танки были введены в бой. Подготовительная ра- бота танкистов на исходных позициях све лась к просмотру и подготовке материаль- ной части. Бесспорно, это тоже важная ра- бота, но для успеха боя ее недостаточно Необходима еще танковая разведка, нужна также целеустремленная постановка задач на местности каждому танковому подраз- делению. Полковник И. ДЕМЧУК. ДЕЙСТВУЮЩАЯ АРМИЯ	vol-5128-page-02-seg-042-3855-3951-4522-4432.png
5128	2	3359	4490	4321	4616	5	0.95418	Смелость и отвага танкового десанта	vol-5128-page-02-seg-043-3359-4490-4321-4616.png
5128	2	3162	4634	3827	5505	136	0.96528	ЮГО-ЗАПАДНЫЙ ФРОНТ, 17 марта. (Пс телеграфу). Чудесный пример умения сра- жаться, инициативы и отваги проявили бою танковый экипаж лейтенанта Беседы и небольшая десантная группа, действо- вавшая с ним. Лейтенант Беседа, получив босвой при- каз, взял на танк десант в составе бойцов и командиров и двинулся в путь Ему было поручено внезапным нападени- ем ночью на одну деревню выяснить силы занимавшего ее немецкого гарнизона. Танк на полном газу прошел по дороге, не встретив противника, и с хода ворвал- на окраину села, в котором находился пемчиний гарнизон из 400 человек. Пер- выми выстрелами были три крайних хаты. Быстро разгоревшийся по- жар ярко осветил улицы села. Бойцы ле- санта увидели картину панического бегства немцев, для которых появление советско- го танка было совершенно неожиданным. Десант завязал бой, разделившись на две группы. Первая, во плаво с младшим лейтелаттом Тарасепкобым, пошла с	vol-5128-page-02-seg-044-3162-4634-3827-5505.png
5128	2	3855	4646	4520	4788	24	0.94837	левого фланга, а вторая, во главе с потит- руком Макаровым, левого. Танк дви- гался в середине. Через 2-3 часа село было совершенно очищено от	vol-5128-page-02-seg-045-3855-4646-4520-4788.png
5128	2	3851	4798	4520	5006	34	0.95842	Насколько велика была паника сред номнев, можно судить по точу, что они даже ни разу не выстрелили из 10 смэв- шихся пушек. Их беспорядочный огонь из автоматов причинил незначительный вред - только одно ранение	vol-5128-page-02-seg-046-3851-4798-4520-5006.png
5128	2	3847	5010	4522	5465	71	0.96041	Десять советских пехотинцев и три танкиста захватили 10 орудий, 4 оклада c продовольствием и снаряжением, боеприпасов. Дерзким налетом они разгро мили немецкий гарнизон, во много раз пре- восходивший их численностью и вооруже Одержав победу, бойцы остались в селе. Они обороняли его до тех пор, пока не подошла наша пехота, имевшая задачу обладать этим селом. Велико было море лено пехотинцев. когда они увидели, что эта задача уже блестяще выполнена гор- сткой трабрелов,	vol-5128-page-02-seg-047-3847-5010-4522-5465.png
5128	2	4139	5475	4468	5513	2	0.93926	c. голованиески	vol-5128-page-02-seg-048-4139-5475-4468-5513.png
5128	2	3331	5557	4343	5621	4	0.97018	Налеты на вражеские сэродромь	vol-5128-page-02-seg-049-3331-5557-4343-5621.png
5128	2	3158	5625	3821	6067	62	0.95303	ДЕЙСТВУЮЩАЯ АРМИЯ, 17 марта (По телеграфу от наш. спец. корр. ). Лет- чики авиачасти, которой командует тов Красовский, за последние дни совершил ряд налетов на вражеские аэродромы. Звено истребителей в составе орденонос- сев Хотелева, Мусатова и Третьякова ранетки утром появилось со стороны солнца на немецким аэродромом и обстреляла его В результате были подожжены пять само. летов типа «Хеншель-126». Экипажи т, Утянского, Козлова	vol-5128-page-02-seg-050-3158-5625-3821-6067.png
5128	2	3845	5637	4526	6099	63	0.94833	Артюкина уничтожили за два дня 10 немецких самолетов, взорвали склады горючим. После одного ночного налета на вражеский аэродром было зафиксировано на нем шесть очагов пожаров и два силь- ных взрыва. Большой ущерб нанесли врагу на его аэродроме летчики-игтурмовики капитан Сычензо и лейтенант Андреев. Возвраща- ясь с задания, они заметили колонну не мецкой пехоты и обстреляли ее, исгребиз около 100 фашистских солдат и офицеров	vol-5128-page-02-seg-051-3845-5637-4526-6099.png
5128	3	560	312	1171	344	7	0.89060	8 марта 1942 г., среда. 64 (5128).	vol-5128-page-03-seg-001-0560-0312-1171-0344.png
5128	3	706	312	4572	368	9	0.96728	к р а с н а я в да	vol-5128-page-03-seg-002-0706-0312-4572-0368.png
5128	3	986	422	1361	460	1	0.92898	ПЕЧАТИ	vol-5128-page-03-seg-003-0986-0422-1361-0460.png
5128	3	542	516	1809	594	3	0.95212	ПРОПАГАНДА БОЕВОГО ОПЫТА	vol-5128-page-03-seg-004-0542-0516-1809-0594.png
5128	3	502	620	1165	1189	84	0.96214	Подразделению, которым командует тов. Михальченко, предстояло совершить марш и прибыть в одно село, где, по имевшей- ся информации, противника не было. Ос- новываясь на этой информации, Михаль- ченко разведки не выслал и даже не вы- ставил охранения. На подходах к селу подразделение было встречено сильным пу- лемегным и минометным огнем. Нак ока- Залось, одна неприятельская группа, пока подразделение совершало марш, просочи- лась в село и заняла его. Этот случай описан в красноармейской газете "Знамя Советов" (редактор В. Фар- боров). делает из него правильный вывод:	vol-5128-page-03-seg-005-0502-0620-1165-1189.png
5128	3	526	1199	1155	1323	19	0.97042	«Михальченко обязан был, не полагаясь Слепо на давно добытые сведения, вы- слать разведку. Тогда положение было бы совершенно иное».	vol-5128-page-03-seg-006-0526-1199-1155-1323.png
5128	3	482	1343	1151	2332	131	0.96565	Каждый бон должен быть обеспечен тщательной и непрерывной разведкой таков призыв газеты. Она особенно пол- черкивает значение правдивости сведений, сообщаемых разведкой. Газета сопостав- ляет отрицательные и положительные примеры, добиваясь, чтобы пропаганлируе- мые ею требования к разведке крепко за- лечатлелись в памяти читателя. Газета тут же показывает опыт других подразделений, умело действующих в раз- ведке, особенно при поиске слабых мест обороне противника. Вообще газета своих материалах о разведке настойчиво нацеливает командиров и бойцов на по- иски стыков и наименее защищенных мест в позициях неприятеля. Вот статья: «Выискивай слабые места». Она описывает действия подразделения тов. Новицкого. Подразделение получило 311ачу овладеть позициями против- ника, расположенными на окраине одно- го населенного пункта. Новицкий прежie всего организовал разведку, тщательно его подготсетз снарядив. Сопоставляя п уточняя сведения, добытые разведчиками, Новицкий определил, где находится сла- бое звено обороны.	vol-5128-page-03-seg-007-0482-1343-1151-2332.png
5128	3	508	2340	1133	2496	21	0.97556	«Возле крайних двух домиков, где раньше были установлены пулеметы, те- перь осталось только несколько солдат. Пулеметы же переброшены на правый фланг».	vol-5128-page-03-seg-008-0508-2340-1133-2496.png
5128	3	480	2508	1129	2612	14	0.95739	Новицкий не ошибся. Атака потразде- линия увенчалась успехом, который был энергично развит в глубину.	vol-5128-page-03-seg-009-0480-2508-1129-2612.png
5128	3	504	2628	1129	2788	26	0.98082	«Немцы, - говорится далее в статье, решили сюда перебросить пулеметы. Но как только пулеметы были сняты с пра- вого фланга, на этом участке ударила рота Давидчука».	vol-5128-page-03-seg-010-0504-2628-1129-2788.png
5128	3	468	2804	1135	3405	87	0.96118	Немцы сдали этот рубеж и поспешно отступили. Газета подчеркивает, что этому способствовали разведка, умелые поиски слабых мест в обороне. К вопросам раз- ведки «Знамя Созетсв» возвращается не- однократно. Надо считать похвальным то обстоятельство, что газета постоянно при- ковывает внимание читателя к этому важнейшему вопросу обеспечения боя. «Знамя Советов» пропагандирует и опыт других видов боевой деятельности подразделений. На ее страницах можно увидеть статьи о лесном бое, тактике овладения населенными пунктами, дей- ствиях лыжных групп и т. л. Правда, не эти материалы так же конкретны. Газета порой злоупотребляет певерхност-	vol-5128-page-03-seg-011-0468-2804-1135-3405.png
5128	3	1187	622	1849	1078	65	0.96107	ными зарисовками боевых этом отношении характерна корреспонден- ция «Закрепляясь на занятых рубежах». По размерам она одна из самых со лидных в номере. Можно было показать подробно, как рога, о которой идет речь корреспонденции, закрепилась на захва- ченных у немцев позициях. автор увлекся внешним описанием боя, расска- зал обо всем понемногу, а существа вопроса коснулся лишь вскользь. Что мож- 110 понять, натример, из такого описа- ния:	vol-5128-page-03-seg-012-1187-0622-1849-1078.png
5128	3	1209	1091	1843	1279	30	0.96554	«Не теряя времени, рота быстро закре- пилась. Непосредственно у моста выста- вили пулеметы тов. Белова... Правее расположилось подразделение тов. Оку- рантова. Взвод тов. Ханюкина залег у просёлочной дороги» и пр.	vol-5128-page-03-seg-013-1209-1091-1843-1279.png
5128	3	1171	1297	1839	1719	58	0.95893	Мелькают фамилии, названия местных предметов... Как выдвигались огневые средства на новой рубеж, какие задачи перед ними были поставлены, в какой связи собой находились позиции у моста и, скажем, у проселочной дороги, обо всем этом можно только догады- ваться. Газета посвящает полосу пулеметчи- ком. здесь все то же стремление к внешнему описанию эпизодов. Опыт пуле- метчиков почти не показан.	vol-5128-page-03-seg-014-1171-1297-1839-1719.png
5128	3	1157	1725	1831	3401	260	0.96657	Привлечь внимание читателя к искус- ным действиям тех или иных подраздел- линий и отдельных командиров и бойцов значит сделать половину дела. Надо еще показать те методы и приемы, с по- мощью которых достигнут успех в бою. Как, скажем, было нащупано слабое ме- сто в обороне противника, в чем заклю- чалось искусство разведчиков, добывших ценные сведения о противнике, и т. л. «Знамя Советов» умеет обстоятель- но и достаточно глубоко освещать бое- вой опыт, когда ставит перед собой чет- кие пели. По тому не вопросу о закреп- лении на захваченных позициях газета поместила хорошо продуманную, питере- ную статью лейтенанта Богуцкого. Шаг за шагом можно проследить, как стрелка- вый батальон, овладев новым рубежом, немедленно принялся за рытье окопов и укрепил свои позиции. Лишь после того, как рубеж был укреплен и огне- вые средства расположены так, чтобы от- бить в роятные контратаки, комбат раз- решил отдых. Немцам не удалось, несмотря на свои бешеные контратаки, вернуть утерянное. Вскоре батальон успешно во- зобновил наступление. Эта корреспонденция, a также ряд других показывают, что дело отнюдь не в недостатке умения конкретно и обстоя- тельно освещать боевой опыт. Нужно. очевидно, более строго относиться к тому материалу. который поступает в газету. правильней нацеливать своих авторов. На- до попросту избавиться от легкого, поверх- ностного тона заметок, в которых кроме описания сугробов и елей ничего нет. В красноармейской газете самое важное изо дня в день пропагандировать бое- вое умение, тактическое искусство. А для этого нужно отбирать все, что заслужи- вает особого внимания. а второстепенное отбрасывать. Необходима целеустремлен- ность как во всей пропаганде боевого опыта, так и в каждой в отдельности кор- респонденции.	vol-5128-page-03-seg-015-1157-1725-1831-3401.png
5128	3	764	3457	1535	3557	3	0.97948	БОЙЦЫ-ЖЕЛЕЗНОДОРОЖНИКИ ВОССТАНАВЛИВАТЬ ПУТИ	vol-5128-page-03-seg-016-0764-3457-1535-3557.png
5128	3	468	3577	1129	4041	60	0.96384	ДЕЙСТВУЮЩАЯ АРМИЯ, 17 марта. (От наш. спец. корр. ). Бойпы и начальствую- щий состав железнодорожной части, кото- рой командует тов. Гуревич, показывают исключительно высокую производитель- ность труда на восстановительных рабо- тах. Воспные железнодорожники, стремясь как можно быстрео исправить разрушен- ные участки пути, не прекращают работы ни ночью, ни в сильные морозы. Большинство бойцов и подразделений систематически перевыполняет нормы вы- работки.	vol-5128-page-03-seg-017-0468-3577-1129-4041.png
5128	3	1149	3579	1815	4035	64	0.95974	На работах по сболчивание стыков сержант Тетерин вместо 12 сбалчивает 33 стыка, а красноармеец Цыганков-35. Боец Проценко, изготовляющий запасные части к автомашинам, выполняет дневное задание на 500 процентов. Недавно часть должна была быстро восстановить важный железнодорожный участок. 36 часов без отдыха работали бойцы и командиры. Несмотря на сильный мороз и частые налеты фашистской авиа- цип, воинский эшелон был досрочно про- пущен по восстановленному пути.	vol-5128-page-03-seg-018-1149-3579-1815-4035.png
5128	3	1913	1427	3154	1521	28	0.94882	ЗАПАДНЫЙ ФРОНТ. На снимке: санинструктор N Гвардейской диви- зии В. Попов, вынесший с поля боя более 200 раненых с их оружием. Сам тов. Попов был два раза ранен.	vol-5128-page-03-seg-019-1913-1427-3154-1521.png
5128	3	2320	1529	3150	1563	6	0.95802	Снимок нашего спец. фотокорреспондента В. Гребнева	vol-5128-page-03-seg-020-2320-1529-3150-1563.png
5128	3	1951	1629	3110	1769	5	0.95359	Забота трудящихся о семьях фронтовиков	vol-5128-page-03-seg-021-1951-1629-3110-1769.png
5128	3	1851	1783	2524	2828	139	0.96236	ХАБАРОВСК, 17 марта. (По телеграфу). Трудящиеся Дальнего Востока оказывают большую помощь семьям фронтовиков. Эта помощь приняла характер широкого обще- ственного движения. При содействии городских и районных советов рабочие и служащие заводов имени Горького, Молотова и Орджоникидзе, а также других крупнейших предприятий края, провели несколько воскресников, во время которых отремонтированы сотни квартир и заготовлены тысяча кубометров дров для семей красноармейцев. Труля- щиеся Амурской области отремонтировали четыреста пятьдесят две квартиры. Комсомольцы Хабаровского края отре- монтировали, побелили привети в поря- док: около пятисот квартир фронтовиков. В квартирах краспоармеек Бочкаревой, Воро- новой, Замяловой, Бахтиной, Богомоловой побелены комнаты. покрашены полы, за- стеклены окна. Семьи красноармейцев Дят- лова, Еременко, Латынова переселены в новые квартиры. На заготовку топлива в тайгу выез- жали молодежные бригады. Они заготовили. тысячи кубометров дров. Топливо было доставлено на квартиры семей фронтовик- ков. Молодежь Сталинского района помог- ла семьян бойцов подготовить индивиду-	vol-5128-page-03-seg-022-1851-1783-2524-2828.png
5128	3	2534	1789	3204	2830	152	0.96421	альные парники, а также семена для за сева огородов. Заботу о семьях бойцов и командиров проявляет и колхозная деревня. За счет отчислений от своих доходов в сельхозар тели «Экономия труда» Ивановского рай- она, Амурской области касса взаимопомощи выдала семьям колхозников, находящего в армии, свыше семи тысяч рублей на по купку коров. Касса взаимопомощи колхоза «Путеводная звезда» того же района выдала тысячу девятьсот тридцать рублей единовременных пособий. Помощь хлебом, продуктами, деньгами оказывается красно- армейским семьям во всех колхозах края. В каждом городе и селе для детей воеп- нослужащих открыты детские сады ясли. Жены бойцов и командиров работают у станков, на тракторах. На предприятиях Хабаровска, Владивостока, Благовещенска, Биробиджана, Комсомольска и других горо- дов и поселков жены красноармейцев пол руководством опытных мастеров овладева- ют различными специальностями. Многие из них являются стахановкамп. На заводе имени Молотова, например, шестьдесят женщин заменили своих мужей, ушедших на фронт. Работая токарями, сверловщица- ми, слесарями, они отлично справляются со своими обязанностями,	vol-5128-page-03-seg-023-2534-1789-3204-2830.png
5128	3	1941	2898	3036	2970	3	0.93632	Изобретатели Ленинградского фронта	vol-5128-page-03-seg-024-1941-2898-3036-2970.png
5128	3	1847	2978	2508	3513	71	0.96076	ЛЕНИНГРАД, 17 марта. (От наш. спец. корр. ). С каждым месяцем все упорное ра- ботает творческая мысль рационализаторов и изобретателей Ленинградского фронта. За последние полгода в частях и учрежде- ниях фронта реализованы сотни нежных предложений, поступивших от бойнов и лиц начальствующего состава. Наибольшее количество изобретений реализовано в об- ласти артиллерийского и авгобронетанко- вагон вооружения. Фронтовики сконструировали новые ти- пы ручных гранат, приспособление для метания бутылок с горючей жидкостью, гранатометатели. Они усовершенствовали	vol-5128-page-03-seg-025-1847-2978-2508-3513.png
5128	3	2522	2990	3190	3517	74	0.95730	некоторые средства связи, а также ручной пулемет, сделав сго огонь более мощным... Заслуживают внимания приспособление сетанта Довженко для автоматического ния пушек и пенное предложение тк. Туровнева и Роскина по борьбе с вра- русскими танками. Большую помощь бедным изобретать лям и рационализаторам оказывают науч- вые сотрудники Ленинграда. Они консуль- тируют молодых конструкторов по всем вопросам науки и техники, помогают со- ставлять расчеты и чертежи. Кроме того ученые города Ленина сами дали фронту немало ценных изобретений.	vol-5128-page-03-seg-026-2522-2990-3190-3517.png
5128	3	1977	3571	3044	3661	6	0.96073	ТЕХНИЧЕСКАЯ КОНФЕРЕНЦИЯ ПО ЭКСПЛУАТАЦИИ ИНОСТРАННЫХ САМОЛЕТОВ	vol-5128-page-03-seg-027-1977-3571-3044-3661.png
5128	3	1835	3675	2502	4035	50	0.96002	Западный) ФРОНТ, 17 марта. (От наш. спец. корр. ). На-днях в N авиационном истребительном полку состоялась техниче- ская конференция, посвященная вопросам эксплуатации американских самолетов «Кертисс-Томогаук». Военинженер 2-го ранга Грачев подробно рассказал о прави- лах подготовки материальной части к вы- лету уходу за ней при низких темпера- турах. Благодаря рационализаторским усо-	vol-5128-page-03-seg-028-1835-3675-2502-4035.png
5128	3	2520	3689	3184	4033	39	0.96231	вершенствованиям наших игнженеров авиамехаников значительно улучшились боевые качества этой машины. Опытом эксплуатации иностранных са- молетов люделились военинженер 2-го ранга Тютнов, воентехник 1-го ранга Кадетов, Лабецкий и другие. Конференция наметила ряд конкретных мероприятий связанных с улучшением эксплуатации ма- териальной части.	vol-5128-page-03-seg-029-2520-3689-3184-4033.png
5128	3	3399	418	4438	528	2	0.93996	ТРИЖДЫ РАНЕНЫЙ	vol-5128-page-03-seg-030-3399-0418-4438-0528.png
5128	3	3246	546	3911	758	30	0.94644	В полка, в переднем уму, рядом c боевым знаменем, висит позолоченная рамка. В ней под стеклом помещен портрет молодого командира со знаками сержанта петлицах. Золотом выведена фамилия «Степан Романов». -	vol-5128-page-03-seg-031-3246-0546-3911-0758.png
5128	3	3248	766	3905	870	14	0.93799	Можно подойти к портрету и прочитат селецию, толье рамко и под стеклом Вот она:	vol-5128-page-03-seg-032-3248-0766-3905-0870.png
5128	3	3242	882	3907	1195	56	0.94750	"Степан Романов - сержант команди отделения разведчиков седьмой роты. За время великой отечественной войны три раза ранен: первый раз у Львова, рой --- у Гомеля, третий --- под Тулой. За гремя войны лично истребил 83 фашист ских захватчика, 6 солдат взял в плен отнял у немцев 1 орудие, 3 пулемета 7 автоматов, 4 винтовки, 11 пистолетов	vol-5128-page-03-seg-033-3242-0882-3907-1195.png
5128	3	3240	1215	3905	1353	17	0.95436	Сейчас находится в полном здравии славе, командует своим подразделением. За боевые подвиги награжден двумя орденами Красного Знамени»,	vol-5128-page-03-seg-034-3240-1215-3905-1353.png
5128	3	3238	1413	3901	1655	38	0.95252	Со Степаном Романовым мы познакоми лись в избе, которую занимает команда батальона. Сержант сидел вместе с капита- ном за столом, над немецкой картой бое вых действий. Ростом Романов невысок на лице его сквозь зимний загар прогля- дывает бледность.	vol-5128-page-03-seg-035-3238-1413-3901-1655.png
5128	3	3236	1667	3893	1733	7	0.93873	Он рассказал нам историю своих трех ран.	vol-5128-page-03-seg-036-3236-1667-3893-1733.png
5128	3	3230	1735	3897	2149	74	0.96059	первый раз участвовал в бою по Львовом. Грохот орудий, пороховой дым танки, свистят снаряды, пули. Был я ря- довым стрелком, и мне казалось, что из боя не выйдет ни одни человек, что на поло нет ни одного сантиметра, где бы не падал снаряд, пуля или мина. видел смерть своих товарищей. Здесь, в первый раз за войну, довелось убать трех немцев. Они неосторожно бескали за своим танком. и я всех троих уложил выстрелами из винтовки.	vol-5128-page-03-seg-037-3230-1735-3897-2149.png
5128	3	3224	2157	3889	2612	74	0.95066	Примерно в обед. немцы в четвертый раз за этот день атаковали нас большими танковыми силами. Нам было приказано отсекать от танков немецкую пехоту. 3. каких-нибудь 10--15 минут я уложит еще семерых немцев. В этот раз я видел, как немецкий танк раздавил рядом со мной моего товарища Кузнецова. Я пополз к не- му, думат помочь, и вдруг перед самыми глазами вырос огненный столп. Меня ог- лушило, бросило в сторону, а что был дальше, не помню.	vol-5128-page-03-seg-038-3224-2157-3889-2612.png
5128	3	3216	2618	3881	3150	93	0.95840	Очнулся в лесу, на носилках. Сильн болит левый бок, Хотелось повернуться, н санитар крикнул: «Нельзя, нельзя. Сор- вешь повязку». Я был ранен в бок, сколс месяца лежал в госпитале. каждый день упоминал этот страшный бой, также, ми- ны, снаряды. II вдруг мне стало казаться что если бы я полз к Кузнецову не пря- мо, а спрятался бы за бугор, что был ли вее, то остался бы невредим. сразу ста- то ясно, что неверно это, будто на поле не было ни одного сантиметра, не поражаемо- го огнем. ведь девять часов ползал по этому полю.	vol-5128-page-03-seg-039-3216-2618-3881-3150.png
5128	3	3927	536	4606	1097	99	0.95581	Короче говоря, когда снова вернулся на передовые, многое уже было знакомо стало казаться обычным. Раньше, как бы вало говорят об атаке, страх какой-то оцеплял, в голове мелькали мысли смерти. Теперь этого не было. Ходил в атаку охотно и здрут открыт еще один секрет войны. Говорят, что храброго пуля не берет, и это, пожалуй, верно. Я видел, как падала люди в неравной схватке с врагом. II еще вадел, что храбрые живут дольше, чем трусы. Трус только и думает, как бы спастись. И эта мысль толкает его на глупые поступки. Они рано или поздно обязательно подведут под пулю либо под мину...	vol-5128-page-03-seg-040-3927-0536-4606-1097.png
5128	3	3927	1117	4598	1427	55	0.94969	Во второй раз я был ранен в левую руку. Вот видите, оторвало мизинец еще один палец. Шестнадцать осколков лепились в левую руку. Больно было, но не страшно. Вид собственной крови толо не подействовал так, как в первый раз. Знаете, в госпитале, при первом ра- нении, я от вида собственной крови нание потерял. А теперь ничего.	vol-5128-page-03-seg-041-3927-1117-4598-1427.png
5128	3	3917	1443	4590	1971	95	0.95509	вот еще один месяц в госпитале Потом снова на фронт. Опять бои. Ка- ждый бой увеличивал ной вкус к войне Раньше не верил ни книжкам, ни расска зам людей, будто военные могут скучать по боям. Теперь убедился на собственном опыте в правоте таких рассказов. Больше того, почувствовал, что и создан вроде как для боя. Вот разведку возьмем. Идешь в нее, горишь весь, напряжен, голова ра- ботает во-всю, и чувствуешь, что делаешь очень важное дело, на тебя надеются, от тебя зависит судьба многих товарищей. долго не ходишь в разведку, так сбу- чаешь без тес, вянешь прямо...	vol-5128-page-03-seg-042-3917-1443-4590-1971.png
5128	3	3911	1985	4586	2444	74	0.93734	Теперь о немцах два слова. Немцы знаете, любят на шумок брать, ударов . . . ошеломить, напугать. II действительно бьют тех, которые пугаются, трусят. А по . кажи им зубы, покажи силу русскую бегут. Сопротивляться будут, может быть долго сопротивляться будут, но в конце концов не стерпят русской силы. Знай вра- га, не бойся ничего, не теряй сообра- зительности в бою, этим возьмешь. А русское «ура» бодрости придаст и на вра- га страх нагонит.	vol-5128-page-03-seg-043-3911-1985-4586-2444.png
5128	3	3907	2454	4578	2680	34	0.94782	В третий раз меня ранили под Тулой Ворвался в дом, где забаррикадировалосе шестероснемцев. Один успел выстрелить в меня. Был я ранен в левое плечо, но все-таки удалось расправиться с ними. Да товарищи помогли еще.	vol-5128-page-03-seg-044-3907-2454-4578-2680.png
5128	3	3901	2740	4572	3042	44	0.95139	Большим почетом окружен в полку ге- рой-сержант Степан Романов. Большим по четом и уважением пользуются здесь раненые в боях. разве может быть ина- че! Каждый из них кровь пролил за род- ную землю. Бойцы весь наш народ должны вознаградить их крепкой любовью и уважением.	vol-5128-page-03-seg-045-3901-2740-4572-3042.png
5128	3	3933	3056	4522	3144	6	0.94405	Старший политрук П. ТРОЯНОВСКИЙ ЗАПАДНЫЙ ФРОНТ.	vol-5128-page-03-seg-046-3933-3056-4522-3144.png
5128	3	3405	3228	4370	3281	3	0.94414	Летчики санитарной авиации	vol-5128-page-03-seg-047-3405-3228-4370-3281.png
5128	3	3210	3301	3877	3599	37	0.94571	ЮГО-ЗАПАДНЫЙ ФРОНТ, 17 марта. (Пс телеграфу). Мужественно и умело работа- ют летчики санитарной авиации Юго-За- падпого фронта. Много раз перевозили они с передовых позиций и из вражеского ты- ла в госпитали тяжело рапеных бойцов, командиров и партизан.	vol-5128-page-03-seg-048-3210-3301-3877-3599.png
5128	3	3208	3621	3867	4037	57	0.94802	Трижды совершал посадку в тылу противника пилот Попов. Его самолет не однократно подвергался зенитному обстро лу и напалениям фашистской авиации Опытный советский летчик, несмотря на любые трудности, всегда в срок выполняет боевые задания. За несколько месяцев тов Попов имеет около 400 летных часов. Or вывез более ста раненых и доставил в по левые госпитали и медико-санитарные ба	vol-5128-page-03-seg-049-3208-3621-3867-4037.png
5128	3	3893	3307	4566	4035	92	0.94490	тальоны 480 литров крови и 700 кило- граммов медикаментов. 298 вылетов совершил командир звена летчик Глахтеев. Однажды фашистские са. молеты обстреляли его санитарную ма- шину. Пилот Глахтеев, искусно матев- рируя, вывел свой самолет из-под обстро ла и благополучно совершил посадку на аэродроме. Он эвакуирован в тыл за пос- леднее время около ста раненых, доставил на фронт большое количество медиканен- тов и крови. :: Большой известностью пользуются на фронте также пилоты Слюсаренко, Мар- клип, Тихий, Князева и другие. Каждый из них имеет от 250 до 450 часов налета по обслуживанию медико-санитарных уч- реждений.	vol-5128-page-03-seg-050-3893-3307-4566-4035.png
5128	3	610	4137	2328	4249	3	0.95681	Поход советских парашютистов	vol-5128-page-03-seg-051-0610-4137-2328-4249.png
5128	3	460	4275	1125	4590	48	0.96016	открыл дверцу самолета и увидел черный квадрат неба, освещенный синева- то-желтым пламенем разрывов. Земля встречает нас огнем. Подана команда: "Пошел!" Нащупываю холодное тело авто- мата, кладу в один карман гранату, в дру- гой финский нож и прыгаю. Ноги разба- бают ледяную корку, туловище входит в снег по пояс.	vol-5128-page-03-seg-052-0460-4275-1125-4590.png
5128	3	446	4608	1115	5312	105	0.95941	Немцы ведут огонь попрежнему, однако интенсивность его заметно ослабла. Осто- рожно опробоваю электрофонарик, наглу- застеливаю маскировочный халат и направляюсь к юго-западной опушке ле- са. ам пункт сбора. В предрассветный час, когда весь состав группы был на месте, охранение донесло: «Только что ле- ревеню покинул лыжный неприятельский отряд с очевидным намерением атаковать нас». Когда мы вышли на лесную дорогу, стало ясным, что враг движется за нами- по пятам. И действительно, вскоре пока- зались вдали неприятельские лыжники. них длинные ноги, широкий шаг. сти- лю видно: финны. Мы укрылись в ельнике. Наш залп захватил финнов врасплох. Из двух с лишним десятков одиннадцать алых- ников зарылись носом в снег.	vol-5128-page-03-seg-053-0446-4608-1115-5312.png
5128	3	432	5326	1113	6055	119	0.95460	В километре от места боя мы вышли на дорогу. Отсюда по линии фронта по край- ней мере километров 100. Там нараста- ют сейчас кровопролитные схватки. Что- бы выручить свои войска, немцы замет- но усилили в последние сурки полброску резервов, боеприпасов. Этой цели они под- чинили главные магистрали. Одна из основных дорог находится где-то рядом с нами. Перед грушной поставлена задача: всеми силами дезорганизовать здесь движе- ние и при первой же возможности вывести дорогу из строя, взорвать на ней мост. Поздно вечером я выставляю дозоры и 0T1110 приказ расположиться на привал. Бойцы разгребают снег и, устлав его хвоей, устраиваются на отдых. Наша полуночная трапеза огромна: чарка водки и полбанки мясных консервов с галетами. В полночь поверяю 1030DH, обхожу лагерь. Люди	vol-5128-page-03-seg-054-0432-5326-1113-6055.png
5128	3	1177	4313	1787	4388	6	0.92879	Из записной книжки командира парашютно-десантного отряда)	vol-5128-page-03-seg-055-1177-4313-1787-4388.png
5128	3	1143	4442	1803	4862	57	0.95498	спят, свернувшись «калачиком», близко придвинувшись друг к другу. исходу следующего дня посланные вперед разведчики сообщили: мы находим- ся на подходах к дороге. А часом спустя, когда сквозь сосны мы, увидели ее, чуть внятные голоса донеслись издали: это дви- тался неприятельский 0003. Ко мне подходят бойцы Григорьян и Маслов. В их руках гранаты. Товарищ командир, разрешите ата- ковать?	vol-5128-page-03-seg-056-1143-4442-1803-4862.png
5128	3	1135	4866	1797	5114	32	0.95636	Действуйте! Они устремляются к дороге. С группой автоматчиков я направляюсь им вслед Тщательно маскируемся, ждем. Пз-за тем- ной полоски леса показываются нагружен- ные до краев подводы. Обоз сопровождает наряд хорошо вооруженных немцев.	vol-5128-page-03-seg-057-1135-4866-1797-5114.png
5128	3	1127	5116	1795	6041	150	0.95711	Гранаты летят под колеса. Олин взрыв, другой. Смолисто-черные ломти земли уда- ряются о стволы деревьев и падают на белый снег. Отрывисто стучат автоматы. На какое-то мгновение дорогу заволакивает дым, и когда он рассеивается, мы видим разбитые в щепы подводы и трупы нем- цев на краю дороги, на пригорке. Колонна идет все дальше. Над лесом поднимается и падает заря. Утро выдалось кмурос, к исходу его начался снегопад, и когда он прекратился, ветер донес острый запах дыма. Где-то близко деревня. Бойцы заметно прибавляют шагу - хочется вдох- нуть запах уютного человеческого жилья. испить кружку кипятку, прикорнуть у теплой перки. Но прежде чем отдохнуть, для нас на- шлась еще работенка. Разведчики донесли, что на дороге показался неприятельский отряд размером до роты. Я располагаю бойцов таким образом, чтобы ударить по отряду в лоб. Когда строй немцев прибли- зился метров на 80. три пронзительных свистка оглашают лес. Огонь! Несмотря на 30-градусный мороз новые советское ав-	vol-5128-page-03-seg-058-1127-5116-1795-6041.png
5128	3	1829	4269	2490	4728	62	0.96028	томаты работают безотказно. Враг потеря. в этом бою до полуротья, остальные скры- лись в лесу. деревне мы подошли лишь в сумер- ки. Еще издали услыхали певучий голос петуха. Хорошая улыбка облетела уста бойцов. Кто-то шутит: Если деревенский петух жив-здоров, значит немцев в деревне пет. Весть о том, что в деревню пришли красноармейцы, быстро облетает избы. У настежь открытых дверей толпятся кре- стьяно:	vol-5128-page-03-seg-059-1829-4269-2490-4728.png
5128	3	1817	4732	2486	6039	182	0.95276	Заходите, касатики... Обхожу избы - стараюсь побыстрее устроить бойцов. Всюду в печах вместо потрескивает огонь. Хозяйки хлопочут у столов. Бойцы устраиваются на ночлег. Предупреждаю: спать. не раздеваясь, ло- житься немедленно. Впрочем, последнее из- лишне: многие уже спят, припав к горя- чему ребру печень. вижу, как участливо склонились над бойцами хозяева, понимающе заглядывают им в глаза: --- Намерзиись, памаялись. В каждом доме у двери ставлю досорно- го. Сообщаю на случай тревоги пункт сбо- ра прушны. обвели избу неподалеку от окраи- ны. Возвращаюсь тула. Хозяйка накрывает стол. Прошу чаю пью одну кружку. другую. Чувствую. как тяжелеет голова, дремотной слабостью наливается тело, смы- каются веки. Роняю голову на стол, об- схватываю его руками... Спать! Откуда-то издалека просачивается сла- бый треск: ясно слышу автоматную оче- редь, потом вторую, третью. Охоту поинять- ся и не могу. Потом слышу до боли зна- комый голос: : Товарищ командир, тревога! Немцы... Вскакиваю. Некоторое время стою, со- бираясь с мыслями, потом вдруг сообра- жаю и вихрем выхватываюсь из избы. Ночь обжигает меня своим ледяным дыха- нием. На улицах деревни уже закипает бой. Отдаю команду: Пробиваться к лесу... На западной немецкий отряд	vol-5128-page-03-seg-060-1817-4732-2486-6039.png
5128	3	2518	4119	3178	4512	60	0.95680	напоролся на наш боевой заслон. Кучку храбрецов возглавил старшина Кузьмин- ский. Передаю сму приняз: задержать здесь немцев как можно дольше, каждая лишь няя минута сопротивления позволит убе- речь десятки жизней. Кузьминский берет в руки автомат и сам выдвигается вперед. Враг переносит на него всю силу своего огня. Автомат Кузьминского захлебнулся, выпустил очередь и опять умолк. По ря- дам бойцов прошло:	vol-5128-page-03-seg-061-2518-4119-3178-4512.png
5128	3	2514	4522	3170	4732	25	0.94526	Старшина ранеп, выручить стар шину! Бойцы рванулись к своему командиру но враг опередил их. II все увидели, как из сугроба поднялся старшина, вскинул. виску пистолет:	vol-5128-page-03-seg-062-2514-4522-3170-4732.png
5128	3	2512	4742	3166	5180	55	0.94832	Советские парашютисты не сдаются плен! Грянул выстрел... Мы шли зарослями ельника на северо- запад. Багровые сполохи провожали нас Поутру, по свежевыпавшему снегу отря нагнало трое ребятишек. Старший сказал Где тут командир?... Мальчика позвали ко мне. У него были маленькие и супровое лицо, но в глазах стояли слезы. Мы прошли с ним па край высокой кручи.	vol-5128-page-03-seg-063-2512-4742-3166-5180.png
5128	3	2508	5184	3160	5424	31	0.94984	Говори. Он хотел говорить, но голос измени: ему. Слезы часто-часто побежали по ще- кам. Он закусил губы, затем сказал: Ночью немцы спалили нашу дерев- ию, и добавил раздельно: --- за парашу	vol-5128-page-03-seg-064-2508-5184-3160-5424.png
5128	3	2488	5436	3160	6037	94	0.95562	посмотрел на него, белобрысого веснушчатого, и пожал ему руку, как раз : ному: ведь это был вестник народной не- нависти к врагу. полудню следующего дня наши раз- ведчики вышли на опушку леса. Вскоре ко прибежал один из них: Товарищ командир, видоп мост! устремляюсь на опушку. Лес рас- секла излучина реки. Через нее-то и пе- реброшен мост --- заветная цель похода. Лесом подбираемся совсем вплотную к мосту. Он хоть и деревянный, но большой и крепкий: длина 80 метров, ширина--20. По нему идут тяжело нагруженные авто- машины, тракторы, средние танки, Его усиленно охраняют Вот стоят часовые	vol-5128-page-03-seg-065-2488-5436-3160-6037.png
5128	3	3196	4123	3863	4876	119	0.95691	на обоих берегах реки. Есть один путь для подрывников - по льду. Мои люди собрались в круг на неболь- шой лесной поляне. Оглядываю всех: как изменились за несколько дней эти родные лица! Они в.змужали, черты их стали строгими. Кто возьмется взорвать мост? У всей группы один ответ. Причем это даже но согласие, а просьба - горячая, настоятельная. Все бойцы одинаково рвут- ся на опасное дело, но здесь есть двое наиболее опытных. Выполнение задания должно быть поручено им. Я называю их имена - - Федорчук Никольский. Поздно вечером они покидают группу. Сердечное рукопожатие. Парашютисты взваливают на плечи добрых два пуда то- ла. Хрустнула на их пути сухая ветка. Ель стряхнула с себя онег. Парни согнуть лись и скрылись во тьме,	vol-5128-page-03-seg-066-3196-4123-3863-4876.png
5128	3	3192	4884	3851	5306	69	0.95141	Взрыв должен последовать через 25 ми нут. Чтобы наши люди успели уйти, - немецкий штаб не должен знать о проис- шедшем еще хотя бы часа полтора после взрыва. Значит надо оборвать провода связывающие охрану моста со штабом Сделать это надо в момент взрыва: ни на минуту раньше, ни на минуту позже Если раньше, немцы, обнаружив пере бой в телефонной связи, могут предупре- дить взрыв. После взрыва просто будет позина	vol-5128-page-03-seg-067-3192-4884-3851-5306.png
5128	3	3190	5318	3847	5489	22	0.94470	И еще одна группа парашютистов ухо дит из леса. Оставшиеся выбираются на край леса смотрят туда, где над рекой повис густой моста	vol-5128-page-03-seg-068-3190-5318-3847-5489.png
5128	3	3176	5503	3845	6037	83	0.95778	Гром врывается в лес, сливает с елей куски снега, сухие ветки летят на землю Немного позже из темноты вынырнул две фигуры. Это Федорчук и Никольский Все расступаются. Подходит Федорчук: Задание выполнено. Я увожу группу в глубь леса и остаюсь там несколько часов. Кепла слабый свет зимнего утра проникает в чащу, устремляемся к берегу. Мост разорван на- двое. Края его мысли в реку. Обломки разметало по льду. Еще ночью на подходах к взорвал- ному мосту стали скапливаться автомаши- ны За несколько часов здесь образовалось	vol-5128-page-03-seg-069-3176-5503-3845-6037.png
5128	3	3889	4125	4548	4225	15	0.94976	два автомобильных табора. Этого было до статочно, чтобы в полдень тут появи- лись наши летчики	vol-5128-page-03-seg-070-3889-4125-4548-4225.png
5128	3	3875	4237	4554	5226	168	0.95958	Мы стояли на скате леоного увала и ви- дели, как из облаков вылетела пятерка на- ших бомбардировщиков и вихрем понес- лась к мосту. С первого захода самолеты вогнали в цель значительный запас бомб... Машины заволокло черным дымом. Через минуту из пустых клубов показались группы бегущих людей. Они рассыпались по снежному полю. Самолеты развернетесь и принялись с бреющего полета сечь нем- цев пулеметным огнем. Так прошли трижды, затем набрали высоту, приняли прежний строй и ушли на северо-запад. Ночевали в лесу. Поутру мы выбрались из рощицы и увидели поле боя. На краю равнины рас- кинулся лес, позади него --- деревня. Нем- цы окопались в лесу. Наши войска обра- отели на лес всю силу артиллерийского огня. В некоторых местах лес был искром- сан. Красноватые очаги огня возникали то в одном, то в другом его конце. Мы виде- ли, как, преодолевая яростный огонь нед- риятеля, к лесу подходили и вновь отка- тывались наши бойцы. Я приказал пара- шютистан проникнуть на окраину леса, в тыл немцам, и засечь расположение их основных огневых точек	vol-5128-page-03-seg-071-3875-4237-4554-5226.png
5128	3	3869	5232	4544	5691	68	0.95721	Когда сумерки сгустились, мы вошли перелески и, рассыпавшись, направились в расположение своих войск. Последние не- сколько километров предстояло покрыть по насту. Бойцам было трудно, но они дви- гались опора. Молодой, свежевыпавший снег весело хрустел под ногами, то и ле- слышались смех, шутка. Людям было приятно, что большой и трудный поход за- вершен успешно. Наша группа выполнила задание ценой сравнительно небольших жертв: за время похода мы потеряли трех бойцов.	vol-5128-page-03-seg-072-3869-5232-4544-5691.png
5128	3	3867	5703	4536	5985	51	0.95570	Мы шли, укрываясь в густом кустар нике. Никто из нас не знал точно, в ка- ком именно пункте мы пересекли лиги Фронта, но где-то в сокровенном уголке сознания мы ощутили эту прань. II наша группа поднялась над заснеженной землей, люди стали во весь рост и за- шагали биорет легко и вольно	vol-5128-page-03-seg-073-3867-5703-4536-5985.png
5128	3	3907	6007	4482	6045	4	0.92565	Старший лейтенант П. Герасимчук	vol-5128-page-03-seg-074-3907-6007-4482-6045.png
5128	4	3827	378	4438	410	8	0.89983	18 марта 1942 г., среда. № 64 (5128).	vol-5128-page-04-seg-002-3827-0378-4438-0410.png
5128	4	508	480	978	614	4	0.95550	Огромные потери финской армии	vol-5128-page-04-seg-003-0508-0480-0978-0614.png
5128	4	406	634	1068	912	40	0.96158	НьЮ-ЙОРК, 17 марта. (ТАСС). Как со- общает бернский корреспондент агентства Ассошиэйтед Пресс, член финского парла- мента Фрич, находящийся в Стокгольме, признал, что финны в настоящую войну понесли огромные потери. Некоторые фин- ские города, по словам Фрича, потеряли все мужское население.	vol-5128-page-04-seg-004-0406-0634-1068-0912.png
5128	4	464	976	1002	1145	6	0.94964	ИЗДЕВАТЕЛЬСТВА НАД Советскими военнопленными В ФИНЛЯНДИИ	vol-5128-page-04-seg-005-0464-0976-1002-1145.png
5128	4	396	1163	1064	1997	130	0.96264	Стокгольм, 17 марта. (ТАСС). В даг- ской газете «Политикен» опубликована подробная корреспонденция о положении советских военнопленных в одном из ла- герей в Финляндии. Автор корреспонден- цип пишет, что в лагере военнопленных находится большое число инвалидов. Они лежат на деревянных нарах, расположен- ных в четыре яруса, причем промежуток между ними менее метра. На каждого во- еннопленного приходится максимум 1 квад- ратный метр площади. Военнопленные оде- ты в лохмотья. Автор рассказывает об одном молодом военнопленном, который потерял обе ноги. Обрубки своих ног он завернул в старые тряпки и бумагу. Сот- ни людей, находящихся в холодных бара- ках, почти совершенно не имеют вознож- ности двигаться. Финские офицеры вся- чески издеваются над пленными. Автор корреспонденции пишет, что, когда одна военнопленных натянул шапку на чтобы не отморозить их, офицер приказал ему надеть шапку «по форме».	vol-5128-page-04-seg-006-0396-1163-1064-1997.png
5128	4	470	2053	976	2153	4	0.98570	ПОТОК РАНЕНЫХ НЕМЕЦКИХ СОЛДАТ	vol-5128-page-04-seg-007-0470-2053-0976-2153.png
5128	4	392	2161	1050	2510	51	0.96416	НьЮ-ЙОРКЕ, 17 марта. (ТАСС). Как пе- редает стокгольмский корреспондент газе- ты "Нью-Йорк таймс", по сведениям из Копенгагена, в госпитали в Дании ежеднев- но поступают раненые на советско-герман ском фронте немецкие солдаты и офицеры. По всей стране датские госпитали рекви- зированы. Больные датчане выбрасывают- ся из госпиталей, чтобы освободить места для раненых.	vol-5128-page-04-seg-008-0392-2161-1050-2510.png
5128	4	414	2548	1028	2636	6	0.96283	весь чехословацкий народ ДАЕТ ОТПОР ВРАГУ	vol-5128-page-04-seg-009-0414-2548-1028-2636.png
5128	4	440	2654	994	2688	4	0.91104	Митинг чехословаков в Лондоне	vol-5128-page-04-seg-010-0440-2654-0994-2688.png
5128	4	388	2702	1048	3367	93	0.96798	ЛОНДОН, 17 марта. (ТАСС). Как пере- дает английское министерство информации, свыше 2.000 чехословацких граждан собрались на митинг, созванный в Лон- доне чехословацким государственным сове- том. Член государственного совета Носек заявил, что весь чехословацкий народ дает отпор врагу. Производство вооружения в Чехословакии вследствие саботажа со сто- роны рабочих сильно упало. Чехослован- кая авиация, находящаяся в Англии, на- носит удары противнику. Чехословацкая армия в Англии готовится к встрече с про- тивником. На митинге было зачитано специальное послание английского министра колонии лорда Крэнборна, в котором он выражает чувство восхищения борьбой чехословац- кого народа против гитлеровской тирании.	vol-5128-page-04-seg-011-0388-2702-1048-3367.png
5128	4	418	3413	1006	3503	4	0.95255	УСИЛЕНИЕ ВОЕННОЙ МОЩИ КАНАДЫ	vol-5128-page-04-seg-012-0418-3413-1006-3503.png
5128	4	378	3515	1044	4007	79	0.96104	лондон, 17 марта. (TACC). Особо- уполномоченный Канады в Англии Мас- сей заявил, что Канада выпустила 200.000 военных автомашин. B этом году она построит торговые суда общим тоннажем в 500 тысяч тонн. С начала войны канадская армия увеличилась по- чти в 10 раз, морской флот в 15 раз, воздушные силы в 20 раз. Более 90 школ выпускают новых пилотов. В со- став канадской армии в Англии входит один мотомеханизированный корпус из двух дивизий и корпус пехоты с двумя танковыми бригадами,	vol-5128-page-04-seg-013-0378-3515-1044-4007.png
5128	4	426	4061	984	4201	5	0.96142	ОТПРАВКА Норвежских офицеров ГЕРМАНСКИЙ КОНЦЛАГЕРЬ	vol-5128-page-04-seg-014-0426-4061-0984-4201.png
5128	4	374	4207	1036	4422	30	0.95647	стокгольм, 17 марта. (ТАСС). Как здесь стало известно, 148 норвежских офицеров и других натриотически настро- енных лиц были направлены гитлеровцами из Норвегии в германский концентраци- онный лагерь в Восточной Германии.	vol-5128-page-04-seg-015-0374-4207-1036-4422.png
5128	4	1145	482	2388	618	12	0.93099	Установление мемориальной доски на доме в Лондоне, где жил В. И. Ленин	vol-5128-page-04-seg-016-1145-0482-2388-0618.png
5128	4	1086	638	1753	1439	127	0.96182	лондон, 17 марта. (ТАСС). 15 марта на стене дома, находящегося на Холфордс- скбере номер 30 в лондонском районе Фатисбери, где в 1902 -1903 г.г. жил B. II. Ленин, по инициативе совета лон- донского муниципалитета и нуниципально- го совета Финсбери была установлена ме- мориальная доска. На этой доске выграви- рована надпись: «Владимир Ильич Уль- янов-Ленин (1870-1924) создатель COCP жил здесь в 1902 -1903 го- дах». От здания муниципалитета к Холфорде- скверу двинулась многотысячная процес- сия, которая растянулась более чем на милю. Во главе процессии шет оркестр од- ного из полков английской армии. Участ- ники процессии собрались перед неболь- шим домиком, декорированным советскими и английскими флагами. В свое время в этом домике взрывом германской бомбы был снесен верхний этаж. Остались в це- лости только 2 комнаты в первом этаже,	vol-5128-page-04-seg-017-1086-0638-1753-1439.png
5128	4	1765	642	2430	1439	121	0.96281	где жил и работал Ленин. Мэр Финсбери Дрейк приветствовал прибытие на цере- монию установления мемориальной доски посла СССР т. Майского «в связи с чест- вованием памяти великого вождя». Пред- станитель совета лондонского муниципали- тета Блейк, прибывший на церемонию в сопровождение представителей всех коми- тетов совета, сказал: «Здесь Ленин жил, как простой гражданин, изучал наш язык и литературу. Для русского народа это- священное место. Мы воодушевлены подви- гами русского народа, осуществление кото- рых стало возможным благодаря Ленину». своем выступлении посол СССР т. Майский сказал, что акт установления мемориальной доски в память одного из величайших гениев всех времен служит показателем дружбы между СССР Ан- глией, необходимой для достижения побе- ды над общим врагом и установления бо- лее тесного послевоенного сотрудничества между обеими странами.	vol-5128-page-04-seg-018-1765-0642-2430-1439.png
5128	4	1155	1477	2350	1581	8	0.97276	СООБЩЕНИЕ АНАТОЛИЙСКОГО АГЕНТСТВА О ВОЗДУШНОЙ БОМБАРДИРОВКЕ ГОРОДА МИЛАС	vol-5128-page-04-seg-019-1155-1477-2350-1581.png
5128	4	1082	1587	1741	1765	28	0.95010	АНБАРА, 17 марта. (ТАОС). Анатолий- агентство передает, что «16 марта в 00. 55 мин. три иностранных самолета, применив осветительные ракеты, сброси- ли 15 бомо и обстреляли из пулеметов	vol-5128-page-04-seg-020-1082-1587-1741-1765.png
5128	4	1761	1595	2420	1771	27	0.96398	турецкий город Милас и его окрестности несколько домов повреждено, два челове- ка убиты и один ранен. После расследо вания, которое сейчас производится, бу- дут сделаны необходимые демарши".	vol-5128-page-04-seg-021-1761-1595-2420-1771.png
5128	4	1243	1807	2250	1869	4	0.96699	Разложение в гитлеровской армии	vol-5128-page-04-seg-022-1243-1807-2250-1869.png
5128	4	1074	1881	1735	2652	122	0.96592	СТОКГОЛЬМ, 17 марта. (ТАСС). Прибы- вающие в отпуск с фронта немецкие сол- даты творят в глубоком германском тылу бесчинства, которые приняли такой харак- тер, что, по сообщению берлинского кор- респондента газеты «Дагенс нюхетер», германскому командованию пришлось из- дать по этому поводу специальную ин- струкцию. Она обязывает солдат-отпуск- ников «не уносить с собой скамеек, не вытаскивать стекол из окон железнодорож- ных вагонов, не врываться в первый по- павшийся дом для ночевки, не использо- вать паркет и вообще полы в качестве дров и не вскрывать полов с целью поисков картофеля, так как в Германии под ними нет картофеля». 17 марта. (ТАСС). Как со- общает газета "Крисчен сайенс монитор", один поляк, бежавший в ноябре из Поль- заявляет, что моральное состояние германских оккупационных войск в Поль-	vol-5128-page-04-seg-023-1074-1881-1735-2652.png
5128	4	1757	1885	2420	2656	113	0.96564	ше быстро ухушается. Германские сол даты не верят, что немцы смогут выиграть войну. Они ведут себя крайне педисцип- линированно, занимаются, главным обра- 30м, грабежом населения или распродажей военных материалов, продуктов даже оружия. Банды германских дезертиров бродят по всей стране, трубят деревен- ских жителей, нападают на проезжих и производят населения на железнодорож- ные станции. В Варшаве германские сол- даты создали «солдатский рынок», на котором продают украденные на военных складах консервы, хлеб, одеяла, бензин, мотоциклы, грузовики и вооружение. Среда немецких офицеров распространено взя- точничество. Когда немецкие офицеры за- купают продовольствие для армии у част- ных фирм, они требуют расписки с ука- занием суммы во много раз больше дей- ствительной стоимости и разницу кладут в карман.	vol-5128-page-04-seg-024-1757-1885-2420-2656.png
5128	4	1080	2696	2396	2742	4	0.95207	ВНУТРЕННИЕ ТРУДНОСТИ ФАШИСТСКОЙ ГЕРМАНИИ	vol-5128-page-04-seg-025-1080-2696-2396-2742.png
5128	4	1070	2750	1737	3379	91	0.96611	СТОКГОЛЬМ, 17 марта. (ТАСС). Швед- ская газета «Эребрукурирен» пишет, что во время своего отступления германская армия потеряла уже огромное количество тяжелого оружия. Зимняя кампания заста- вила немцев использовать много военных материалов, предназначенных для весенних операций. Правда, промышленность окку- легированных стран и Германик работает на германскую военную машину, но сейчас нехватает сырья и нефти. Кроме того, лро- изводительность труда населения этих стран резко понизилась вследствие голода и лишений. В Германии имеется «внутрен- ний Фронт» борьбы против нынешнего правительства. Католическая протестант- ская церковь участвует в движении про- тиб гестапо и охранных отрядов. Епископ	vol-5128-page-04-seg-026-1070-2750-1737-3379.png
5128	4	1751	2758	2414	3379	95	0.96510	мюнстерский Гален сидит в тюрьме. Вид- нейший церковный деятель Германии као- динал Фаульгабер открыто протестовал про пропаганды фашистов. Епископ тембергский Вурм критикует налеты геста 110 на монастыри и другие церковные уч- реждения. Епископ Берлина Прейссини недавно в послании к прихожанам об ап- чал гестапо в незаконных действиях. Цер- ковные организации - заметная, но, ко- нечно, далеко не единственная оппозици- онная группа в Германии. Касаясь людских ресурсов Германии, га- зета отмечает, что ее потери на фронте весьма велики. Кроме того, зима полорва- ла здоровье сотен тысяч солдат. Румыны и другие германские «союзники» также понесли огромные потери.	vol-5128-page-04-seg-027-1751-2758-2414-3379.png
5128	4	1299	3423	2175	3553	6	0.96311	Воздушная война в бассейне Средиземного моря	vol-5128-page-04-seg-028-1299-3423-2175-3553.png
5128	4	1367	3565	2109	3599	6	0.93069	Новая тактика немецкой авиации в Ливии	vol-5128-page-04-seg-029-1367-3565-2109-3599.png
5128	4	1064	3613	1725	4422	120	0.96640	лондон, .17 марта. (TACC). Koppec- пондент газеты «Санди таймс», находя- щийся при английских военно-воздушных силах в Западной пустыне, сообщает, что в то время, как действия на суше снова ограничиваются лишь стычками патрулей, война в воздухе в бассейне Средиземного моря, повидимому, приближается к выс- шей точке напряжения. Истребители и бомбардировщики обеих сторон действуют на больших радиусах, отыскивая объекты для нападения. В тактике немецкой авиа- Ции произошло резкое изменение, которое, возможно, указывает на смену командова- ния воздушных сил держав оси в Ливии. Атаки английской авиации против враже- ских караванов осуществлялись с боль- шим успехом в результате прибытия на Ближний Восток самолетов-торпедоносцев новых типов. Ожесточенные воздушные бои идут над островом Мальта. До сих пор самолеты держав оси кон- центрировали свои усилия на бомбарди-	vol-5128-page-04-seg-030-1064-3613-1725-4422.png
5128	4	1749	3621	2408	4420	109	0.96489	ровке английских передовых позиций и лишь изредка совершали налеты на г.лу- бокие тылы, на суда, на Александрию и зону Суэца. Сейчас немцы начали беспре- рыбные атаки на английские коммуника ционные линии на всем их протяжении от Эль-Газалы до предместий Александрии... Шоссейная и железная дороги подверг- лись неоднократным налетам, а «Мессер- игмитты-109» несколько раз атаковали поезда, идущие на фронт или с фронта. Но непрерывные действия английских патрульных истребителей эффективно от- ражали попытки самолетов противника выйти на цели. Произошло несколько ожесточенных воздушных боев в ночных условиях: ночные истребители "Харри- кейн" и "Томагаук" добились успехов в борьбе против тяжелых германских бом- бардировщиков, заставляя их сбрасывать крупные бомбы далеко от объектов бом- бардировки.	vol-5128-page-04-seg-031-1749-3621-2408-4420.png
5128	4	2510	490	3050	618	3	0.97192	Борьба югославских партизан	vol-5128-page-04-seg-032-2510-0490-3050-0618.png
5128	4	2452	640	3112	1125	77	0.96156	НьЮ-ЙОРК, 17 марта. (ТАСС). Берн- ский корреспондент агентства Ассошиэй- тед Пресс пишет, что контролируемая нем- цами и итальянцами белградская печать ежедневно сообщает о большой активности югославских партизан, об их налетах на города, в которых находятся германские до- итальянские гарнизоны, на железные до- роги и т. д. По заявлению белградской пе- чати, недавно в районе Топлица, вблизи Вальево, партизаны убили 33 полицейских, в южной части Югославии партизаны со- вершили налет на город Куршумлия, где сильно потрепали местный гарнизон.	vol-5128-page-04-seg-033-2452-0640-3112-1125.png
5128	4	2450	1131	3108	1341	33	0.96497	Издающаяся в Белграде газета «Обнова» сообщает, что партизаны ведут бой в рай- онах Вальево, Чачак, Ужасе, а также вблизи Лебане и Алексинаца. Газета «Ви- нер тагеблат» сообщает о действиях пар- тизан вблизи Сараево.	vol-5128-page-04-seg-034-2450-1131-3108-1341.png
5128	4	2446	1349	3108	1623	39	0.96651	Лондонский корреспондент агентства Юнайтед Пресс сообщает, что в течение одной недели итальянцы арестовали в Люб- ляне свыше 400 студентов по обвинению «оказании помощи противнику». 28 сту дентов было приговорено к смертной каз- ни, остальные направлены в концентраци- онные лагери.	vol-5128-page-04-seg-035-2446-1349-3108-1623.png
5128	4	2446	1627	3106	2005	55	0.96943	По сообщению газеты «Нью-Порн тайме», в Босния югославские партизаны атаковали колонну итальянских войск, на правлявшуюся из Билице в Никшич. По этом партизаны захватили несколько тан- ков и автомобилей с боеприпасами. Немцы зверски расправляются с югославским на- селением. Районы Лития и Брежице, в ко торых проживали словене, полностью очи- щены от населения, выселенного в другие Брая.	vol-5128-page-04-seg-036-2446-1627-3106-2005.png
5128	4	2444	2011	3102	2288	45	0.96084	ЖЕНЕВА, 17 марта. (ТАСС). По сооб- щениям из Югославии, карательные отря- ды оккупантов в Югославии пытались на- днях предпринять «очистку» района реки Талисы от партизан. Югославские парти- заны вступили с ними в бой, не допустие их в глубь района, где партизаны остают- ся хозяевами положения.	vol-5128-page-04-seg-037-2444-2011-3102-2288.png
5128	4	2504	2350	3040	2440	5	0.95848	КАТОРЖНЫЕ РАБОТЫ для польских рабочих	vol-5128-page-04-seg-038-2504-2350-3040-2440.png
5128	4	2440	2444	3098	2798	50	0.96218	СТОКГОЛЬМ, 17 марта. (ТАСС). Берлин- ский корреспондент газеты «Стокгольис сообщает, что большое число польских рабочих сослано из генерал-гу- бернаторства на каторжные работы за "от- как работать и нарушение дисциплины" Германские власти об что впереди будут ссылать польских рабочих и слу- жащих на каторгу за «малейшую попытку нарушить приказы германских властей».	vol-5128-page-04-seg-039-2440-2444-3098-2798.png
5128	4	2500	2864	3034	2950	4	0.93591	АРЕСТЫ ДАТСКИХ РАБОЧИХ норвегии	vol-5128-page-04-seg-040-2500-2864-3034-2950.png
5128	4	2438	2950	3094	3142	26	0.96830	стокгольм, 17 марта. (ТАСС). Свыше 100 датских рабочих, работавших на гер- манских военных строительствах, были от- правлены в концлагерь близ Тронхейма «за отказ явиться на работу».	vol-5128-page-04-seg-041-2438-2950-3094-3142.png
5128	4	2468	3206	3068	3281	6	0.91185	Борьба норвежского духовенства против квислинговского режима	vol-5128-page-04-seg-042-2468-3206-3068-3281.png
5128	4	2434	3289	3088	3891	85	0.96712	СТОКГОЛЬМ, 17 марта. (ТАСС). Как со общают из Норвегии, до сих пор квислин- горцам не удалось найти священников на вакантные посты епископов, сложивших себя сан в знак протеста против квислин- товского произвола. Муниципальные со- ветники приняли решение о поддержке патриотически настроенных священникое епископов. В знак протеста против на- ситий Квислинга и оккупационных вла- стей все норвежские религиозные изда - тельства прекратили свою деятельность. Норвежским газетам запрещено писат: о конфликте между квислинговцами и цер- ковью. Ожидают, что религиозно настроен ные приверженцы Квисличга выйдут из квислинговской партии.	vol-5128-page-04-seg-043-2434-3289-3088-3891.png
5128	4	2432	3949	3088	4418	46	0.95727	беседа министра иностранных дел китая С РУЗВЕЛЬТОМ ВАШИНГТОН, 17 марта. (ТАСС). Как сообщает вашингтонский корреспюнден: агентства Ассошиэйтед Пресс, китайский министр иностранных дел Сун Цзы-вень имел беседу с Рузвельтом. В беседе представителями печати Сунь Цзы-вень заявил, что в ближайшие месяцы будут установлены новые пути сообщения c Китаем,	vol-5128-page-04-seg-044-2432-3949-3088-4418.png
5128	4	462	4488	1619	4692	6	0.97921	НАРОД БЬЕТ НЕМЕЦКИХ ОККУПАНТОВ С ТЫЛА	vol-5128-page-04-seg-045-0462-4488-1619-4692.png
5128	4	364	4718	1030	5955	198	0.96387	Немецко-Фашистские захватчики думали, что население занятых ими советских рай- онов покорно примирится с их владыче- ством и будет безропотно нести бремя не- мецкой оккупации. Они думали, что пар- пизаны - это кучки отчаянных смель- чаков, а остальное население не осмелит- ся подняться на борьбу с грабежом и на- силием. Но немцы и тут просчитались. Советские люди, где бы они ни нахо- дались, верны своей советской родине, жаждут отомстить за свои страдания, дать отпор немецким грабителям. Это особенно ярко проявляется теперь, в дни наступле- ния Красной Армии. По ту сторону фронта клокочет море народного возмущения, и н- раз фашисты получают удары там. где они того не ожидали. B деревню Г. явилось пятнадцать немцев. C факелами разбежались они 10 домам и пытались зажечь деревню. Кол- техники решили отстоять родные очаги от огня. Незаметно для немцев они откапы- зале винтовки, ружья и собирались скрыт- 10 в хатах. Увлеченные поджогом, факель- цики не заметила, как были окружены вооруженными колхозниками. После корот- ой схватки все поджигатели были унич- гожены. Еще более дружный отнор получили немцы в одном из сет Орловской обла- ты. Здесь произошел настоящий бой, по сем правилам военного искусства. Кол- узники узнали, что немцы, собираясь стирать, хотят зажечь доча. Решили ока-	vol-5128-page-04-seg-046-0364-4718-1030-5955.png
5128	4	1048	4712	1719	5945	201	0.96397	зать организованное сопротивление. 12 фа- шистских факельщиков, прибывшие для поджога, были немедленно убиты. Узнав об этом, немцы послали вторую команду с большим количеством солдат и новым за- данием: не только поджечь дома, но и расправиться с жителями. Участь второй команды была такой же: встреченные кол- хозниками на околаце, немцы все до еди- ного были перебиты. Ярости немецкого начальства не было предела. В третий раз был уж послан конный разъезд в 70 всадников. Но колхозники и тут не ра- стерялись. Они ловили планомерное на- ступление, захватили вражеский пулемет рассеяли всю конную группу немцев. Так держались они до прихода частей Красной Армии. Село было спасено. Всеобщей ненавистью к немецким ок- купантам пылают все от мала до вели- ка. Советские дети, подобно своим отцам п братьям, не упускают случая нанести урон немцам, прибегая иногда к самый неожи- данным уловкам. одном из сел Сталинской области пионеры Володя Ковалев, Андрюша Писан- Володя Омельчук вооружилясь грана- тами и подошли к группе итальянцев, сто- явших на улице. Чтобы собрать поболь- ше солдат, пионеры стали петь и танцы- вать, хотя внутри v них бушевала жесто- кая злоба к поработителям. Вокруг вы- росла большая толпа фашистов. Тогда юные патриоты быстро отбежали в сторо- ну, выхватили гранаты и бросили их в	vol-5128-page-04-seg-047-1048-4712-1719-5945.png
5128	4	1741	4504	2400	4720	31	0.95792	итальянцев. Раздались взрывы. Девять солдат я один офицер свалились на зом- лю, сраженные насмерть. Действия ре- бят настолько были неожиданны, что итальянцы не могли даже организовать по- гоню за юными патриотами.	vol-5128-page-04-seg-048-1741-4504-2400-4720.png
5128	4	1731	4726	2398	5821	164	0.96345	Не только организованные выступления, но и одиночные нападения советских пат- риотов нагоняют страх на немецких ок- купантов. Так, в г. Днепродзержинске по переулку шли два итальянских солдата. Вдруг из калитки одного дома бесшумно появилась русская женщина и двумя мет- кими выстрелами сразила обоих фашистов. Поиски ни к чему не привели. Народная метательница не была обнаружена. Не в силах вынести издевательств фа- шистов, русские люди решаются и в оди- ночку уничтожать врага. Когда немецкая часть вошла в село Ивановка, Ново-Пет- ровского района, начался повальный гра- беж. Из крестьянских хат вытаскивали хлеб, одежду, живность. одному пожило- колхознику вломился фашистский сол- дат и стал забирать сенью. Хозяин сти нул зубы. Его взгляд загорелся решимо- стью. Колхозник быстро схватил вилы и всадил их в мародера. Тот грохнулся ря- дом с недорезанной свиньей. Помимо прямого сопротивления и воору... женных нападений на захватчиков, насе- ление оккупированных районов применяет и другие методы борьбы с немцами. Во многих пунктах советские люди собирают оружие и снаряжение, прячут их, а после передают наши частям.	vol-5128-page-04-seg-049-1731-4726-2398-5821.png
5128	4	1729	5825	2386	5941	17	0.94831	Бывает, что на пост старост попа- дают люди, преданные советской власти, по- могаюшие народной войне с захватчиками.	vol-5128-page-04-seg-050-1729-5825-2386-5941.png
5128	4	2416	4504	3084	5591	170	0.96726	Деревню Марыня, Алшевского района заня- ли немцы. Одящер выэвал колхозника Ев- стратова и назначил его старостой. Сестра- тов согласился. Через несколько времени тот же офицер приказал старосте вывезти весь колхозный хлеб для немецкой армии Евстратов, ничего не сказав, вышел. Изве- стив колхозников, не успевших уйти из деревни, он открыл амбары, выгреб зерно и роздал его односельчанам. Еще не зах- лопнулись пустые закрома, как Евстрато- ва снова вызвали в комендатуру. Офицер потребовал отчета о выполнении приказа- ния. Ему доложили, что все амбары пусты и хлеб оттуда "утек". Евстратова вывели на двор: раздался выстрел, и русский пат- риот свалился замертво в снег... Русские рабочие, которых немцы терро- ром и угрозами заставляют работать на себя, стараются всеми средствами вредить захватчикам. Так, на одной станции немцы насильно заставили рабочих ремонтиро- вать паровозы. Немецкие мастера зорко следили за работой. Приемщики тщатель- но проверяли качество ремонта. Паровозы выходили из депо как будто без дефектов. Но на полпути машины останавливались в буксах находили песок, железную стружку, дышла крепились так, что че- рез несколько километров выходили из строя.	vol-5128-page-04-seg-051-2416-4504-3084-5591.png
5128	4	2412	5595	3070	5875	42	0.96042	На советской зоиле гитлеровская армия узнала, что такое народная война. Сердца наших людей, подпавших под иго фаши- стов, накалены великой ненавистью. Удары Красной Армии с фронта вызывают глубо- как отзвук во вражеском тылу и поды- мают сокрушающую волну народной места немецким захватчикам	vol-5128-page-04-seg-052-2412-5595-3070-5875.png
5128	4	2528	5895	3020	5937	4	0.90613	Старший политрук И. ГРАЧЕВ	vol-5128-page-04-seg-053-2528-5895-3020-5937.png
5128	4	3132	486	3805	942	48	0.95787	Война на Американские сообщения НьЮ-ЙОРКЕ, 17 марта. (ТАСС). В ком- мюнике военного министерства США ука- зывается, что на Филиппинах никаких Военных операций не происходит. Американская подводная лодка, дейст- вуя в водах Японии, потопина японский грузовой пароход. В районе Филиппин по- топлен японский танкер, водоизмещением в 3 тысячи тонн.	vol-5128-page-04-seg-054-3132-0486-3805-0942.png
5128	4	3130	950	3789	1375	57	0.96334	14 марта девять американских истре бителей во время патрульных полетов районе северного побережья Австралии атаковали крупное соединение япон- ских бомбардировщиков, сопровождавшихся истребителями... Хотя противник имел чис- ленное превосходство, американские само- леты вступили в бой с противником. Олег из американских самолетов таранил само- лет противника. Оба самолета погибли Один японский бомбардировщик и один истребитель сбил. Все американские са-	vol-5128-page-04-seg-055-3130-0950-3789-1375.png
5128	4	3891	670	4406	708	2	0.96654	Английские Сообщения	vol-5128-page-04-seg-056-3891-0670-4406-0708.png
5128	4	3810	486	4478	1064	63	0.95351	ихом океане налеты, кроме погиошего, вернулись на базу без повреждений. АНГЛИЙСКИЕ СООБЩЕСТВА лондон, 17 марта. (ТАСС). В коммю- нике австралийского командования указы- боится, что во время воздушного боя в районе по.ту острова Парк австралийская авиация потеряла один самолет. Пилот сбитого самолета спасся. 14 марта япон- ские тяжелые бомбардировщики соверши- ли налет на порт Моресбей (остров Новая Гвинея), подвергнув его бомбардировке с большой высоты.	vol-5128-page-04-seg-057-3810-0486-4478-1064.png
5128	4	3813	1078	4470	1365	36	0.95475	японские сообщения ТОКИО, 17 марта. (ТАСС). По офици- альным сведениям. японские подводные лодки, действующие в прибрежных водах Индии и Бирмы, до 16 марта потопите 11 судов противника. Среди потопленных судов 2 вооруженных торговых судна 2 танкера.	vol-5128-page-04-seg-058-3813-1078-4470-1365.png
5128	4	3525	1427	4087	1463	2	0.97141	ЯПОНО-КИТАЙСКАЯ ВОЙНА	vol-5128-page-04-seg-059-3525-1427-4087-1463.png
5128	4	3130	1481	3787	1625	23	0.96010	В северной части провинции Хунань ночь на 3 марга китайские войска атако- вали японский гарнизон в местечке Дачу анху. Китайцы разрушили также шоссей-	vol-5128-page-04-seg-060-3130-1481-3787-1625.png
5128	4	3813	1475	4464	1617	19	0.95594	ную дорогу. В провинции Аньхуэй в райо не Ханьшань между китайскими и япон скими войсками идут упорные бои. (TACC).	vol-5128-page-04-seg-061-3813-1475-4464-1617.png
5128	4	3285	1665	4311	1789	5	0.96542	Подготовка японского наступления на Австралию	vol-5128-page-04-seg-062-3285-1665-4311-1789.png
5128	4	3116	1801	3789	3387	248	0.96244	ЛОНДОН, 17 марта. (ТАСС). Австралий- ский корреспондент газеты «Таймс», быв. ший до недавнего времени специальных корреспондентом на Яве, пишет, что вы- садка японцев на Новой Гвинее не оста вляет никакого сомнения в том, что он подготовляют наступление на Австралию Главной целью японцев на Новой Гвинеи являются, несомненно, аэродромы на се- верном побережье острова. Австралийцы сознают, что наступление на Австралия уже началось воздушными полетами япон- ской авиации на Дарвин, Брум и Уиндгэм Как указывает корреспондент газеты «Дейли экспресс», находящийся с союз- пыми войсками в Австралии, японцы вы- садили в Новой Гвинее 40 тыс. человек. Еще 80 тыс. человек уже направляются на юг в обход Новой Гвинеи. Если учесть 260 тыс. войск, которые японцы могут отвести из Малайи и Голландской Индии, то, по мнению корреспондента, в атаку против Австралии японцы сумеют бросить 380 тыс. человек. t Агентство Рейтер сообщает, что стрейч- ление японцев захватить Австралию об"- ясняется следующими стратегическими мо... тивами: «Во-первых, Япония желает уста- новить пад всем Тихим океаном свой аб- солютный контроль, что окажется невоз- можным, если Австралия будет использо- вана союзниками в качестве базы для на- ступательных операций, угрожая японско- ну правому флангу. Во-вторых, Япония понимает, что она не может осуществлять эффективную морскую блокаду Австралия со своих островных баз в центральной ча- сти Тихого океана; такая блокада осуще- ствима лишь после занятия стратегиче- ских пунктов на австралийском материке. В-третыгх, морские коммуникации Австра- лии с США, Англией и Африкой могут быть перерезаны лишь в том случае, если Япония сумеет захватить морские и авиа- ционные базы, расположенные в западной	vol-5128-page-04-seg-063-3116-1801-3789-3387.png
5128	4	3799	1803	4472	3381	233	0.96791	и восточной частях Австралии. В-четвер- тых, уничтожение австралийских центров военной промышленности возможно лишь после установления полного контроля над главными городами восточного побережья где сосредоточено 5,5 млн. жителей из всего семимиллионного населения Австра лии. В-пятых, Япония стремится захва- тить богатые естественные ресурсы и об- ширные пространства Австралии". По мнению австралийских кругов, ука зывает далее агентство, основными слабы ми пунктами обороны Австралии являют ся ее зависимость от иностранных поста- вок самолетов, вооружения, оборудования и в особенности нефти, которая в Австра- лии не добывается, а также ее протяжен- ные морские линии коммуникаций, тяну- щиеся на тысячи миль. Сильной стороной Австралии являются прежде всего ее размеры. Она представ ляет собой крупный континент, имеющий плохие пути сообщения между его обшир- ными территориями. В Австралии имеется цепь аэродромов, тянущаяся от юго-во- сточной части страны до Сиднея и от юго- западной части до Петра. Нз 7 млн. ее населения 5,5 млн. проживает в восточ- ных прибрежных штатах, вокруг главных центров этих территорий, а полмиллиона человек сосредоточено на крайнем юго-за- паде страны. Промышленные ресурсы пермь военные заводы Австралии расположены позади линии обороны. Австралийская ар- мия крупнее, чем японская, участвовав- шая в тихоокеанской войне. По своему на- национальному составу эта армия однорог- на, поэтому противник, даже переодетый, может быть легко опознан. Австралийская армия состоит из людей, понимающих, что они сражаются за свой дом и свободу. Она неплохо вооружена, и во главе ее стоят опытные военные руководители. Сейчас- проводится мобилизация территориальной армии Австралии.	vol-5128-page-04-seg-064-3799-1803-4472-3381.png
5128	4	3359	3427	3787	3463	2	0.95030	новое назначение	vol-5128-page-04-seg-065-3359-3427-3787-3463.png
5128	4	3118	3469	3777	3649	26	0.95042	лондон, 17 марта. (ТАСС). Агентств Рейтер передает из Вашингтона, что гене- рал Макартур назначен главнокомандую- щим вооруженными силами в австралий- ском районе, сохраняя за собою пост	vol-5128-page-04-seg-066-3118-3469-3777-3649.png
5128	4	3794	3427	4217	3463	2	0.96686	ГЕНЕРАЛА МАКАРТУР	vol-5128-page-04-seg-067-3794-3427-4217-3463.png
5128	4	3801	3471	4462	3647	21	0.94582	командующего американскими войсками на Филиппинах. По распоряжению Рузвельта Макартур перевел свой штаб с Филиппов в Австралию. Генерал Макартур прибыл в Австралию	vol-5128-page-04-seg-068-3801-3471-4462-3647.png
5128	4	3262	3685	4305	3821	6	0.94571	Подробности морских боев в Яванском море	vol-5128-page-04-seg-069-3262-3685-4305-3821.png
5128	4	3106	3827	3771	5465	247	0.96152	лондон, 17 марта. (ТАСС). В коммю- нике английского морского министерства дается описание боев в Яванском море 27 февраля и в последующие дни, в пе- риол японского вторжения на Яву. Во второй половине дня 27 февраля союзная эскадра в составе австралийского крейсера «Перт», английского крейсера «Эксетер», американского крейсера «Хау- стои» и голландских крейсеров «Де Рей- тер» и «Ява» находилась в море севернее Сурабайи. Они шли в сопровождении ан- глийских эсминцев "Электра", "Юпитер" "Энкаунтер" и голландского эсминца «Кортенер». На полпути между островом Бавеан и Сурабайя эскадра вступила соприкосновение с японскими военно-мор- скими силами, насчитывавшими в своем составе по меньшей мере два крейсер класса «Нати» и ряд других крейсеров, сопровождавшихся 13 эсминцами. В результате боя английский крейсер «Эксетер», в который попал снаряд, по- кинул свое место в колонне. Был потоплен эсминец "Контейнер" и, очевидно, потоплен эсминец «Электра». Отмечены попадания снарядов в один из эсминцев противника. один из крейсеров противника бым под- бит, и на нем возник пожар. Союзная эс- кадра предприняла погоню за противником c целью перехватить японские десантные Караваны. Недалеко от Явы был потоплен эсминец «Юпитер». Союзные крейсеры ата- ковали противника близ Рембанга. В этом бою были потоплены крейсеры «Де Рей- тер» и «Ява». Отмечен ряд попаданий корабли противника. Точно определить урон, причиненный противнику во время боев 27 февраля, не- возможно. По мнению наблюдателей, на- ходившихся на крейсере "Петр", один японский крейсер потоплен, другому крей- серу того же типа причинены поврежде- ния. Потоплен также один эсминец. Име. ются сведения о том, что на крейсере класса «Могами» возник пожар, а	vol-5128-page-04-seg-070-3106-3827-3771-5465.png
5128	4	3793	3835	4462	5106	183	0.95740	эсминцам причинены серьезные поврежде ния, и в момент, когда производилось на блюдение, они были охвачены пожаром или погружались в воду. Крейсер "Петр", получивший некото рые повреждения, прибыл 28 февраля 7 час. утра в Танджунг-Приок. После наступления темноты 22 фев- раля крейсер "Пётр" вышел из Тан джонг-Приок с намерением пройти под покровом темноты через Зондский про лив. Ночью он вступил в соприкос- новение с японскими кораблями вбли- зи мыса Сент Николас. С того времени о судьбе "Петра" и американского крей- сера «Хаустон» ничего неизвестно. В ту же ночь крейсер «Эксетер», не имевший возможности повысить свою уменьшившую- ся скорость, покинул Сурабайю в сопро вождении английского эсминца «Энкоун- тер» и американского эсминца «Поуп» Утром 1 марта «Эксетер» сообщил, что им замечены направлявшиеся к крейсера противника. Дальнейших со общений с "Эксетера", "Энкаунтера" и "Пупа" не поступало. Голландский эсминец «Эвертсен» встре- тился с двумя японскими крейсерами в Зондском проливе. Получив повреждения, он выбросился на берег. Эсминец «Стронг- холд» и австралийский сторожевой корабль «Ярра» также пропали без вести и должны считаться погибшими. Все остальные во- енные корабли союзников, находившиеся в водах вблизи острова Ява, сейчас нахо- дятся в безопасности	vol-5128-page-04-seg-071-3793-3835-4462-5106.png
5128	4	3787	5174	4450	5463	45	0.95457	ЛОНДОН, 17 марта. (ТАСС). Как пере дает агентство Рейтер, в Лондоне опасают... ся, что контр-адмирал Доорман, командо бывшей союзной эскадрой во время сра- жения в Яванском море, погиб в этом бою. Доорман командовал морской авиаци- ей Голландской Индии, а затем был наз- начен командующим эскадрой.	vol-5128-page-04-seg-072-3787-5174-4450-5463.png
5128	4	3351	5499	4191	5551	4	0.97938	КАК БЫЛ ЭВАКУИРОВАН РАНГУН	vol-5128-page-04-seg-073-3351-5499-4191-5551.png
5128	4	3100	5549	3765	5811	32	0.95852	НьЮ-ПАРК, 17 марта. (ТАСС). По со- общению корреспондента газеты «Нью- Йорк таймс" из Мандалая, англичане перед оставлением Рангуна взорваль нефтеперегонные заводы, портовые соору- жения, склады боеприпасов, электростан- пию и другие предприятия Английский	vol-5128-page-04-seg-074-3100-5549-3765-5811.png
5128	4	3779	5561	4446	5811	33	0.96330	гарнизон численностью в 1000 человек прорвался через кольцо японского окруже- ния в 25 милях севернее Рангуна, за- вершив тем самым успешную эвакуацию большей части английских войск, вклю чая все бронетанковые части, из Южной	vol-5128-page-04-seg-075-3779-5561-4446-5811.png
5128	4	3379	5857	4370	5943	10	0.91286	Ответственный редактор Д. ВАДИМОВ Издатель народный комиссариат обороны союза сср	vol-5128-page-04-seg-076-3379-5857-4370-5943.png
5128	4	1064	5963	3679	6011	22	0.92338	РЕДАКЦИИ: Москва, 6. Малая Дмитровка. 16. Телефоны: для справок -- Д-3-30-67, ИЗДАТЕЛЬСТВА -- Д. 3-35-52. Бюро жалоб подписной конторы -- Д. 3-35-66.	vol-5128-page-04-seg-077-1064-5963-3679-6011.png
5128	4	408	6049	510	6085	1	0.96535	1063	vol-5128-page-04-seg-078-0408-6049-0510-6085.png
5128	4	1431	6023	3453	6071	14	0.90930	Типография центрального органа Народного комиссариата обороны СССР "Ноасная звезда", Москва, Малая Дмитровка, 1 G.	vol-5128-page-04-seg-079-1431-6023-3453-6071.png